1000    1    1 1    1 1 1 1  2 2 2 2    1 2    0 0
1000    251    251 251    239 245 248 250  253 255 258 265    221 287    35 5
1000    501    501 501    476 488 495 498  504 508 514 528    446 568    134 11
1000    751    751 751    713 731 741 746  756 761 771 791    669 834    297 17
1000    1001    1001 1000    950 975 987 994  1007 1013 1028 1055    882 1116    523 22
1000    1251    1251 1250    1187 1218 1234 1242  1258 1267 1284 1317    1116 1427    812 28
1000    1501    1500 1500    1426 1461 1481 1490  1509 1519 1541 1580    1341 1681    1195 34
1000    1751    1750 1749    1662 1703 1727 1739  1761 1772 1798 1844    1563 2006    1648 40
1000    2001    2001 2000    1900 1947 1974 1986  2012 2025 2053 2109    1796 2237    2117 46
1000    2251    2251 2250    2138 2191 2220 2235  2264 2280 2311 2370    2012 2562    2700 51
1000    2501    2501 2500    2375 2434 2467 2483  2516 2534 2569 2634    2199 2856    3335 57
1000    2751    2752 2750    2613 2679 2715 2732  2768 2787 2826 2899    2417 3111    3995 63
1000    3001    3002 3001    2849 2920 2960 2981  3020 3040 3084 3162    2644 3385    4867 69
1000    3251    3252 3251    3088 3165 3209 3230  3272 3295 3339 3425    2896 3669    5601 74
1000    3501    3502 3501    3324 3408 3455 3478  3525 3548 3594 3687    3119 3918    6394 79
1000    3751    3753 3751    3560 3652 3702 3727  3777 3801 3852 3952    3352 4238    7275 85
1000    4001    4003 4001    3800 3895 3949 3975  4029 4055 4108 4217    3606 4568    8373 91
1000    4251    4254 4252    4040 4139 4197 4225  4279 4306 4365 4482    3811 4808    9393 96
1000    4501    4504 4504    4276 4383 4443 4473  4532 4561 4624 4746    4057 5051    10584 102
1000    4751    4754 4752    4513 4625 4689 4721  4782 4814 4880 5009    4265 5349    11843 108
1000    5001    5003 5001    4748 4868 4935 4970  5034 5068 5135 5271    4471 5630    12991 113
1000    5251    5253 5251    4986 5114 5183 5217  5283 5320 5393 5533    4686 5924    14422 120
1000    5501    5503 5501    5227 5356 5429 5466  5536 5571 5649 5794    4852 6207    15782 125
1000    5751    5754 5752    5461 5599 5676 5713  5788 5827 5906 6065    5101 6533    17403 131
1000    6001    6005 6002    5698 5841 5924 5965  6039 6078 6167 6327    5292 6793    19021 137
1000    6251    6254 6251    5935 6085 6169 6212  6289 6331 6424 6588    5523 7176    20792 144
1000    6501    6505 6500    6169 6329 6415 6460  6542 6585 6679 6853    5788 7458    22377 149
1000    6751    6754 6751    6408 6572 6662 6708  6792 6840 6935 7118    5955 7705    24218 155
1000    7001    7005 7002    6645 6817 6908 6957  7044 7092 7192 7381    6128 8033    25710 160
1000    7251    7255 7249    6881 7062 7155 7204  7297 7346 7447 7647    6369 8413    28021 167
1000    7501    7505 7501    7117 7302 7404 7454  7547 7599 7706 7911    6602 8766    29642 172
1000    7751    7754 7751    7357 7543 7649 7701  7798 7854 7960 8171    6809 9041    31813 178
1000    8001    8005 8000    7594 7787 7895 7949  8051 8110 8217 8436    7016 9175    33838 183
1000    8251    8254 8247    7824 8031 8140 8196  8302 8360 8473 8699    7344 9479    36220 190
1000    8501    8503 8498    8062 8274 8387 8444  8554 8611 8730 8965    7528 9698    38632 196
1000    8751    8755 8748    8306 8518 8634 8690  8806 8866 8989 9225    7770 10001    40767 201
1000    9001    9004 8997    8539 8762 8881 8940  9057 9115 9246 9488    7999 10185    43125 207
1000    9251    9256 9251    8784 9008 9127 9189  9308 9372 9503 9754    8263 10579    45667 213
1000    9501    9505 9495    9020 9250 9377 9437  9559 9623 9759 10018    8455 10778    48159 219
1000    9751    9755 9748    9251 9497 9620 9685  9809 9879 10016 10282    8689 10942    50581 224
1000    10001    10006 9998    9486 9734 9867 9933  10066 10134 10271 10550    8947 11195    53393 231
1000    10251    10257 10252    9730 9977 10115 10184  10317 10389 10529 10809    9193 11484    55728 236
1000    10501    10507 10499    9966 10225 10361 10434  10567 10640 10788 11070    9370 11782    58052 240
1000    10751    10758 10751    10212 10472 10610 10678  10821 10896 11044 11333    9562 12011    60698 246
1000    11001    11008 11002    10448 10714 10857 10928  11074 11148 11304 11591    9688 12260    63214 251
1000    11251    11257 11249    10682 10954 11102 11176  11327 11404 11556 11855    9992 12587    66250 257
1000    11501    11507 11501    10923 11201 11349 11426  11576 11653 11810 12122    10232 12867    68868 262
1000    11751    11756 11753    11160 11442 11600 11678  11825 11905 12066 12388    10408 13227    71949 268
1000    12001    12007 12004    11394 11686 11848 11925  12079 12158 12322 12652    10669 13456    74900 273
1000    12251    12258 12253    11622 11926 12092 12174  12332 12414 12582 12913    10870 13750    78560 280
1000    12501    12508 12506    11864 12169 12339 12424  12582 12665 12840 13181    11092 14001    81785 285
1000    12751    12758 12756    12097 12413 12588 12672  12836 12918 13094 13449    11296 14304    85305 292
1000    13001    13006 13003    12334 12656 12832 12920  13081 13170 13351 13708    11610 14677    89100 298
1000    13251    13256 13250    12564 12901 13076 13165  13337 13422 13608 13971    11708 14990    91875 303
1000    13501    13507 13501    12803 13146 13322 13413  13590 13680 13868 14240    11934 15341    96744 311
1000    13751    13757 13750    13035 13385 13570 13662  13837 13933 14121 14496    12160 15507    100138 316
1000    14001    14006 13999    13278 13630 13817 13911  14091 14187 14380 14760    12392 15662    103268 321
1000    14251    14257 14250    13513 13877 14065 14162  14345 14437 14638 15015    12626 15956    107049 327
1000    14501    14508 14504    13744 14114 14311 14410  14595 14689 14896 15284    12842 16188    109975 331
1000    14751    14758 14753    13991 14355 14555 14659  14846 14946 15154 15544    13022 16550    115242 339
1000    15001    15008 15001    14228 14604 14801 14905  15098 15204 15411 15814    13214 16766    119076 345
1000    15251    15258 15250    14464 14847 15050 15150  15348 15453 15666 16082    13384 17102    123663 351
1000    15501    15507 15502    14701 15088 15295 15401  15600 15702 15923 16330    13499 17557    127032 356
1000    15751    15756 15751    14934 15335 15543 15647  15849 15957 16178 16595    13682 17787    131461 362
1000    16001    16007 15999    15175 15576 15787 15898  16106 16207 16432 16867    13890 17987    135131 367
1000    16251    16256 16251    15411 15816 16034 16144  16354 16459 16688 17125    14195 18268    139364 373
1000    16501    16504 16492    15651 16058 16280 16393  16604 16710 16946 17390    14488 18626    143887 379
1000    16751    16755 16750    15878 16304 16528 16639  16852 16965 17200 17642    14613 19091    147460 384
1000    17001    17004 16998    16122 16547 16775 16890  17102 17217 17460 17906    14857 19386    150997 388
1000    17251    17253 17243    16358 16797 17023 17139  17352 17471 17710 18165    15109 19739    155154 393
1000    17501    17503 17492    16599 17040 17268 17387  17600 17720 17967 18434    15414 20049    159814 399
1000    17751    17754 17736    16838 17285 17513 17632  17849 17974 18224 18700    15676 20188    164367 405
1000    18001    18004 17990    17077 17532 17764 17879  18103 18227 18484 18961    16026 20473    168505 410
1000    18251    18254 18244    17312 17770 18008 18130  18354 18482 18740 19228    16264 20713    173915 417
1000    18501    18503 18490    17550 18009 18251 18381  18606 18729 18992 19493    16412 20835    178646 422
1000    18751    18753 18744    17778 18252 18502 18626  18861 18984 19249 19753    16569 21029    183599 428
1000    19001    19003 18989    18031 18495 18753 18875  19114 19240 19508 20022    16791 21248    188667 434
1000    19251    19252 19243    18255 18738 18995 19119  19367 19493 19759 20277    16979 21465    192741 439
1000    19501    19502 19494    18498 18981 19242 19369  19621 19748 20017 20537    17141 21700    196535 443
1000    19751    19753 19747    18744 19226 19487 19615  19868 19998 20277 20817    17315 22049    203722 451
1000    20001    20003 19989    18978 19462 19731 19868  20121 20254 20539 21085    17761 22293    209321 457
1000    20251    20254 20248    19214 19708 19980 20116  20371 20507 20794 21349    17913 22733    214472 463
1000    20501    20504 20495    19453 19952 20225 20365  20624 20763 21049 21607    18079 23119    219774 468
1000    20751    20753 20741    19700 20190 20473 20613  20876 21011 21305 21860    18354 23465    224195 473
1000    21001    21003 20993    19924 20437 20720 20859  21121 21261 21566 22118    18531 23632    231057 480
1000    21251    21252 21241    20162 20678 20963 21103  21370 21515 21823 22373    18714 23829    233937 483
1000    21501    21501 21490    20396 20920 21207 21355  21626 21774 22085 22637    18977 24042    238711 488
1000    21751    21751 21739    20645 21165 21457 21599  21878 22025 22336 22903    19133 24372    242981 492
1000    22001    22001 21982    20876 21410 21706 21856  22128 22277 22594 23161    19450 24624    248089 498
1000    22251    22250 22241    21115 21650 21952 22102  22374 22528 22848 23418    19586 24979    254603 504
1000    22501    22500 22486    21343 21890 22199 22352  22631 22779 23101 23669    20055 25453    259719 509
1000    22751    22749 22742    21592 22129 22441 22593  22881 23042 23357 23945    20322 25777    265922 515
1000    23001    23000 22988    21827 22380 22689 22846  23131 23296 23606 24201    20469 26178    271938 521
1000    23251    23250 23240    22060 22627 22938 23093  23388 23549 23855 24483    20693 26423    277874 527
1000    23501    23500 23485    22306 22865 23180 23336  23636 23799 24123 24743    21005 26653    283885 532
1000    23751    23749 23733    22547 23112 23429 23585  23890 24048 24378 25003    21099 26740    289802 538
1000    24001    23998 23984    22782 23348 23669 23827  24139 24306 24635 25265    21374 26914    297963 545
1000    24251    24249 24233    23020 23595 23918 24074  24391 24556 24887 25546    21558 27244    303110 550
1000    24501    24500 24488    23264 23839 24167 24324  24642 24809 25150 25814    21793 27415    308370 555
1000    24751    24752 24739    23511 24085 24417 24582  24894 25050 25412 26065    21982 27545    314937 561
1000    25001    25002 24988    23744 24328 24665 24825  25146 25314 25662 26327    22326 27790    322362 567
1000    25251    25252 25236    23981 24575 24907 25074  25392 25566 25925 26594    22483 28070    332021 576
1000    25501    25502 25486    24210 24810 25154 25328  25650 25819 26181 26876    22747 28270    337664 581
1000    25751    25752 25733    24456 25056 25400 25569  25897 26078 26442 27131    22965 28720    344356 586
1000    26001    26003 25985    24696 25301 25642 25817  26148 26332 26696 27391    23161 29186    352800 593
1000    26251    26251 26236    24935 25536 25884 26067  26395 26585 26947 27669    23481 29569    360655 600
1000    26501    26500 26484    25167 25778 26129 26315  26653 26833 27196 27934    23644 29659    367234 605
1000    26751    26748 26730    25409 26021 26377 26559  26902 27087 27451 28187    23912 29906    372145 610
1000    27001    26997 26980    25641 26267 26622 26806  27152 27335 27713 28453    24073 30163    379983 616
1000    27251    27247 27230    25871 26512 26870 27052  27404 27585 27962 28720    24325 30475    386038 621
1000    27501    27496 27486    26103 26752 27108 27307  27657 27833 28220 28966    24539 30672    393160 627
1000    27751    27747 27737    26348 26993 27365 27551  27910 28088 28474 29227    24648 31150    401091 633
1000    28001    27997 27981    26588 27231 27613 27805  28156 28346 28732 29492    24797 31569    409067 639
1000    28251    28249 28230    26800 27478 27860 28051  28412 28597 28996 29766    25125 31705    418303 646
1000    28501    28496 28476    27045 27729 28101 28295  28665 28848 29248 30024    25320 32020    424547 651
1000    28751    28746 28728    27278 27978 28348 28541  28909 29108 29503 30294    25491 32378    432478 657
1000    29001    28995 28982    27515 28212 28599 28788  29161 29365 29756 30558    25849 32726    440646 663
1000    29251    29243 29228    27743 28463 28838 29032  29418 29612 30011 30814    26093 32822    446350 668
1000    29501    29494 29485    27987 28697 29090 29291  29666 29865 30267 31088    26177 33049    454942 674
1000    29751    29744 29721    28213 28949 29336 29537  29914 30123 30512 31334    26676 33246    462293 679
1000    30001    29995 29977    28455 29186 29589 29790  30170 30373 30776 31601    26903 33644    469396 685
1000    30251    30245 30233    28709 29424 29832 30036  30429 30632 31023 31864    27021 33885    475729 689
1000    30501    30495 30478    28949 29675 30076 30283  30679 30879 31287 32110    27428 34086    482634 694
1000    30751    30746 30730    29176 29917 30326 30527  30935 31127 31550 32364    27732 34564    489408 699
1000    31001    30994 30983    29404 30163 30567 30787  31186 31383 31797 32659    27880 34873    496459 704
1000    31251    31244 31235    29632 30412 30819 31028  31437 31639 32063 32923    28116 35072    504309 710
1000    31501    31493 31485    29859 30647 31066 31280  31684 31888 32308 33179    28241 35427    513000 716
1000    31751    31746 31729    30104 30890 31324 31535  31939 32144 32572 33432    28456 35780    521953 722
1000    32001    31996 31986    30336 31146 31569 31778  32190 32391 32835 33713    28747 36085    532450 729
1000    32251    32245 32231    30579 31383 31813 32021  32441 32650 33087 33960    29047 36672    542406 736
1000    32501    32495 32482    30806 31625 32057 32270  32690 32903 33349 34225    29207 36709    548657 740
1000    32751    32744 32728    31066 31858 32300 32516  32942 33160 33606 34482    29339 36937    552390 743
1000    33001    32994 32979    31298 32109 32548 32757  33192 33417 33869 34741    29600 37252    561731 749
1000    33251    33243 33229    31514 32347 32797 33013  33441 33664 34109 35000    29767 37522    570031 755
1000    33501    33492 33475    31757 32592 33050 33251  33683 33913 34369 35280    29925 38003    579537 761
1000    33751    33744 33727    31999 32840 33292 33506  33942 34173 34622 35544    30304 38203    589618 767
1000    34001    33994 33978    32225 33080 33542 33759  34188 34423 34883 35808    30567 38793    596605 772
1000    34251    34246 34228    32463 33319 33788 34006  34444 34674 35141 36074    30773 38995    608160 779
1000    34501    34498 34482    32703 33561 34038 34255  34700 34930 35392 36351    31120 39373    616461 785
1000    34751    34749 34737    32944 33809 34290 34511  34959 35189 35650 36623    31348 39513    624862 790
1000    35001    34999 34973    33195 34055 34539 34755  35204 35436 35912 36890    31563 39554    633803 796
1000    35251    35250 35228    33440 34305 34784 35004  35458 35691 36170 37158    31811 39646    641575 800
1000    35501    35499 35479    33671 34546 35024 35252  35708 35949 36417 37424    31908 39891    651064 806
1000    35751    35748 35726    33897 34780 35278 35502  35961 36192 36683 37665    32005 40138    661635 813
1000    36001    35999 35978    34146 35044 35521 35742  36212 36455 36938 37915    32354 40368    669583 818
1000    36251    36247 36224    34369 35276 35762 35991  36461 36705 37191 38183    32642 40782    678471 823
1000    36501    36496 36473    34622 35512 36006 36238  36715 36959 37451 38447    32737 40991    685736 828
1000    36751    36744 36723    34853 35769 36249 36485  36966 37208 37699 38698    32874 41357    689389 830
1000    37001    36994 36970    35103 36016 36493 36735  37221 37466 37961 38961    33118 41627    699821 836
1000    37251    37242 37223    35337 36258 36743 36987  37460 37712 38211 39198    33320 41979    707755 841
1000    37501    37492 37468    35562 36507 36992 37240  37711 37963 38470 39465    33620 42259    717954 847
1000    37751    37745 37726    35809 36736 37238 37493  37960 38216 38717 39746    33799 42624    730181 854
1000    38001    37994 37971    36036 36990 37482 37742  38215 38475 38985 40002    33950 43255    740086 860
1000    38251    38245 38231    36275 37227 37735 37988  38467 38717 39249 40285    34407 43455    754306 868
1000    38501    38493 38478    36505 37468 37984 38237  38728 38967 39500 40549    34604 43601    765423 874
1000    38751    38742 38723    36740 37715 38230 38478  38975 39222 39762 40797    34632 43668    773167 879
1000    39001    38992 38978    36988 37948 38476 38724  39231 39481 40017 41054    34961 44056    782432 884
1000    39251    39244 39221    37226 38183 38733 38972  39474 39740 40279 41331    35192 44363    796468 892
1000    39501    39492 39471    37455 38415 38974 39224  39729 39995 40533 41596    35456 44488    808955 899
1000    39751    39744 39723    37687 38658 39215 39476  39981 40257 40808 41850    35495 44904    819099 905
1000    40001    39996 39965    37940 38908 39449 39720  40232 40511 41064 42107    35643 45194    831967 912
1000    40251    40245 40224    38171 39152 39691 39973  40496 40754 41321 42388    35967 45197    845797 919
1000    40501    40492 40477    38407 39396 39938 40213  40736 41012 41586 42642    36293 45415    855135 924
1000    40751    40743 40724    38650 39632 40190 40465  40993 41270 41839 42917    36454 45639    863180 929
1000    41001    40993 40975    38885 39871 40432 40715  41233 41520 42100 43172    36627 45909    876149 936
1000    41251    41245 41218    39132 40113 40682 40959  41492 41778 42355 43444    36854 46462    888191 942
1000    41501    41495 41474    39362 40350 40923 41221  41747 42037 42610 43709    37034 46657    901783 949
1000    41751    41747 41723    39605 40605 41171 41458  41988 42289 42866 43965    37086 47312    911544 954
1000    42001    41997 41973    39836 40844 41421 41697  42246 42548 43126 44247    37109 47496    926147 962
1000    42251    42249 42224    40090 41091 41670 41960  42501 42804 43387 44506    37190 47796    934476 966
1000    42501    42500 42470    40324 41339 41913 42200  42755 43053 43641 44763    37667 48267    942931 971
1000    42751    42749 42724    40563 41585 42162 42447  43011 43297 43904 45031    37807 48378    954853 977
1000    43001    42996 42973    40790 41822 42411 42693  43261 43554 44142 45287    38020 48548    963087 981
1000    43251    43248 43221    41036 42079 42651 42953  43495 43802 44407 45591    38228 48913    974341 987
1000    43501    43498 43471    41270 42319 42905 43194  43753 44055 44651 45827    38371 49201    986543 993
1000    43751    43750 43729    41516 42558 43149 43440  43999 44311 44920 46097    38481 49527    999140 999
1000    44001    44000 43973    41745 42804 43391 43686  44252 44565 45174 46372    38716 49787    1012787 1006
1000    44251    44248 44215    41988 43042 43640 43927  44509 44823 45430 46636    38915 49938    1028618 1014
1000    44501    44500 44458    42197 43300 43888 44175  44750 45074 45699 46906    39401 50131    1040457 1020
1000    44751    44750 44706    42440 43539 44131 44425  44997 45324 45955 47179    39473 50131    1057914 1028
1000    45001    45000 44953    42679 43784 44377 44666  45261 45587 46205 47440    39725 50599    1069876 1034
1000    45251    45251 45212    42914 44026 44618 44910  45517 45834 46461 47720    39942 50861    1079083 1038
1000    45501    45502 45469    43140 44260 44872 45164  45758 46088 46728 47972    40152 51434    1091894 1044
1000    45751    45753 45713    43372 44508 45125 45413  46010 46338 46979 48237    40255 51925    1110912 1053
1000    46001    46003 45970    43620 44752 45372 45661  46274 46589 47255 48502    40308 52082    1122439 1059
1000    46251    46254 46220    43866 44984 45620 45923  46525 46834 47505 48745    40522 52128    1136137 1065
1000    46501    46504 46468    44107 45233 45870 46166  46770 47099 47761 49015    41023 52555    1147531 1071
1000    46751    46756 46724    44348 45467 46109 46419  47021 47342 48017 49276    41293 52922    1160584 1077
1000    47001    47005 46974    44591 45728 46359 46663  47273 47612 48267 49558    41437 53399    1169456 1081
1000    47251    47255 47224    44823 45967 46606 46919  47522 47855 48532 49784    41672 53462    1177992 1085
1000    47501    47501 47467    45062 46211 46857 47161  47778 48095 48785 50067    41940 53961    1190101 1090
1000    47751    47748 47714    45282 46459 47100 47413  48034 48359 49026 50330    42229 53961    1194255 1092
1000    48001    47999 47976    45526 46696 47344 47663  48284 48607 49277 50612    42418 54494    1209436 1099
1000    48251    48252 48233    45762 46938 47594 47917  48543 48860 49523 50878    42604 54689    1221798 1105
1000    48501    48499 48474    46013 47183 47834 48156  48789 49108 49781 51126    42738 55132    1234100 1110
1000    48751    48749 48726    46272 47416 48065 48414  49041 49373 50048 51389    42761 55387    1247420 1116
1000    49001    48998 48968    46493 47663 48312 48664  49297 49636 50303 51654    42871 55515    1256941 1121
1000    49251    49249 49230    46728 47906 48555 48908  49546 49892 50558 51894    43053 55719    1264669 1124
1000    49501    49495 49479    46970 48140 48803 49149  49792 50133 50816 52176    43258 55762    1279524 1131
1000    49751    49747 49719    47223 48381 49066 49398  50048 50384 51079 52442    43390 55962    1290834 1136


# Final approximations
43778
44125
44522
44536
44618
44696
44940
45090
45136
45228
45249
45269
45333
45383
45464
45466
45475
45484
45519
45524
45524
45549
45572
45585
45612
45666
45695
45702
45705
45738
45752
45765
45771
45771
45820
45847
45849
45863
45866
45867
45870
45879
45895
45896
45915
45970
45972
45980
45988
45997
46027
46037
46040
46044
46068
46070
46073
46093
46095
46102
46118
46121
46124
46141
46143
46148
46159
46194
46197
46200
46210
46214
46235
46238
46243
46247
46249
46250
46254
46255
46261
46262
46270
46287
46289
46298
46318
46321
46330
46341
46347
46351
46356
46364
46367
46388
46389
46391
46407
46411
46438
46440
46459
46461
46464
46474
46477
46482
46487
46487
46492
46496
46503
46515
46526
46530
46534
46535
46539
46547
46554
46555
46563
46568
46569
46581
46581
46584
46585
46588
46588
46591
46602
46618
46618
46623
46624
46624
46627
46631
46635
46635
46636
46639
46640
46643
46657
46658
46660
46664
46667
46667
46670
46675
46698
46703
46704
46710
46711
46713
46713
46723
46729
46734
46738
46740
46741
46742
46743
46743
46745
46747
46770
46783
46785
46788
46792
46793
46795
46799
46800
46801
46805
46806
46808
46808
46809
46815
46817
46832
46834
46838
46840
46840
46840
46842
46842
46845
46849
46856
46860
46863
46865
46866
46868
46873
46874
46876
46877
46878
46881
46882
46885
46885
46886
46888
46899
46899
46907
46909
46911
46920
46921
46921
46924
46924
46928
46928
46932
46935
46939
46939
46940
46943
46943
46944
46950
46953
46955
46958
46962
46963
46969
46969
46973
46977
46982
46985
46987
46988
46989
46990
46992
46993
46994
46995
46997
47000
47010
47018
47018
47019
47022
47024
47032
47035
47035
47035
47037
47044
47044
47048
47048
47052
47052
47052
47056
47058
47061
47064
47064
47066
47067
47067
47069
47074
47075
47075
47075
47076
47078
47078
47082
47083
47086
47090
47091
47093
47094
47099
47101
47101
47102
47110
47110
47111
47115
47116
47118
47119
47124
47124
47126
47127
47135
47136
47144
47144
47147
47148
47149
47149
47151
47155
47158
47159
47163
47167
47169
47171
47171
47171
47172
47172
47173
47174
47176
47178
47188
47188
47188
47189
47190
47191
47192
47193
47194
47194
47194
47197
47202
47205
47206
47209
47210
47214
47215
47215
47216
47218
47220
47222
47223
47225
47225
47227
47229
47230
47230
47231
47231
47231
47232
47233
47233
47235
47240
47241
47241
47243
47243
47246
47247
47250
47251
47255
47260
47261
47264
47266
47268
47269
47272
47273
47274
47275
47277
47278
47280
47282
47283
47285
47286
47287
47289
47292
47292
47294
47296
47300
47302
47303
47305
47306
47306
47307
47308
47310
47311
47311
47311
47313
47313
47315
47315
47323
47324
47326
47329
47330
47335
47335
47336
47336
47342
47342
47343
47343
47345
47349
47351
47354
47354
47355
47355
47356
47358
47365
47366
47367
47371
47371
47374
47376
47377
47377
47377
47378
47383
47383
47386
47388
47389
47391
47396
47397
47399
47399
47401
47403
47403
47404
47405
47406
47407
47408
47411
47413
47413
47413
47414
47415
47415
47416
47417
47417
47420
47420
47422
47423
47423
47423
47427
47427
47428
47429
47430
47431
47431
47432
47433
47433
47434
47435
47435
47436
47437
47437
47440
47441
47441
47442
47444
47446
47446
47455
47460
47462
47462
47462
47464
47465
47466
47469
47469
47471
47472
47472
47473
47478
47479
47484
47484
47485
47486
47488
47490
47491
47491
47492
47493
47493
47496
47497
47497
47499
47500
47500
47500
47501
47501
47503
47503
47503
47504
47505
47505
47509
47510
47512
47512
47516
47517
47521
47521
47521
47523
47524
47524
47526
47526
47528
47529
47529
47529
47530
47530
47532
47532
47533
47534
47535
47536
47536
47540
47542
47544
47548
47549
47549
47549
47550
47550
47552
47552
47554
47555
47558
47559
47560
47561
47561
47562
47562
47564
47565
47569
47570
47571
47573
47573
47573
47574
47575
47578
47579
47580
47580
47583
47584
47585
47587
47588
47591
47592
47594
47594
47594
47596
47598
47598
47599
47599
47601
47604
47604
47604
47605
47607
47608
47608
47609
47609
47609
47611
47612
47612
47616
47617
47618
47618
47620
47621
47621
47627
47628
47631
47634
47641
47642
47642
47642
47644
47644
47645
47646
47649
47650
47650
47652
47655
47655
47656
47658
47659
47660
47661
47663
47664
47664
47665
47665
47665
47665
47668
47668
47668
47669
47671
47672
47674
47675
47675
47675
47676
47676
47677
47677
47679
47681
47682
47682
47682
47682
47683
47683
47683
47683
47684
47684
47685
47685
47686
47688
47690
47692
47694
47694
47695
47695
47701
47702
47702
47705
47707
47707
47708
47708
47709
47709
47711
47711
47714
47716
47717
47720
47720
47721
47722
47723
47724
47725
47727
47728
47729
47729
47730
47736
47736
47739
47740
47741
47743
47744
47744
47746
47749
47749
47751
47753
47754
47755
47756
47758
47759
47760
47761
47761
47761
47762
47762
47763
47764
47765
47765
47766
47768
47768
47769
47772
47773
47773
47774
47774
47776
47779
47781
47782
47782
47782
47783
47784
47785
47786
47787
47788
47788
47788
47789
47790
47790
47792
47794
47794
47795
47795
47795
47799
47799
47802
47804
47805
47805
47806
47807
47807
47810
47811
47812
47814
47818
47818
47820
47820
47821
47825
47827
47828
47829
47830
47831
47833
47834
47835
47835
47836
47837
47837
47838
47840
47840
47843
47843
47843
47844
47844
47845
47845
47846
47847
47848
47850
47851
47851
47852
47853
47854
47855
47856
47856
47856
47856
47858
47858
47859
47861
47861
47861
47863
47864
47866
47866
47867
47867
47868
47868
47869
47871
47875
47875
47878
47879
47879
47883
47885
47886
47886
47890
47890
47892
47893
47893
47893
47894
47894
47896
47899
47899
47900
47900
47900
47900
47900
47901
47901
47901
47903
47904
47904
47906
47907
47909
47909
47909
47910
47912
47912
47913
47915
47916
47917
47917
47918
47919
47919
47923
47923
47924
47924
47925
47927
47927
47928
47929
47929
47930
47930
47931
47931
47931
47932
47932
47934
47935
47935
47937
47937
47938
47939
47939
47939
47940
47940
47940
47941
47943
47945
47945
47945
47945
47946
47948
47948
47948
47949
47950
47952
47952
47954
47955
47955
47955
47956
47958
47958
47958
47958
47961
47962
47962
47964
47967
47967
47968
47970
47971
47972
47972
47972
47975
47976
47976
47977
47977
47978
47978
47979
47979
47980
47980
47982
47983
47983
47984
47984
47987
47987
47988
47988
47988
47989
47990
47991
47993
47993
47995
47995
47995
47995
47998
47998
47999
48000
48000
48000
48001
48001
48001
48002
48004
48004
48005
48005
48005
48006
48006
48006
48007
48007
48009
48013
48013
48015
48015
48016
48016
48017
48018
48018
48019
48026
48026
48027
48028
48029
48030
48031
48031
48032
48033
48036
48036
48036
48037
48037
48037
48038
48038
48038
48041
48041
48042
48042
48043
48044
48045
48046
48048
48049
48049
48050
48051
48051
48052
48053
48056
48057
48058
48059
48059
48060
48060
48060
48061
48063
48063
48063
48064
48065
48066
48067
48068
48068
48069
48070
48070
48071
48071
48072
48073
48073
48076
48076
48077
48080
48080
48080
48080
48081
48082
48083
48085
48086
48086
48086
48089
48089
48091
48092
48092
48092
48093
48093
48093
48094
48094
48094
48095
48097
48097
48098
48098
48099
48099
48100
48100
48105
48105
48106
48106
48107
48107
48108
48108
48109
48109
48109
48109
48110
48112
48113
48114
48114
48114
48115
48116
48116
48116
48118
48119
48120
48120
48120
48121
48121
48123
48123
48123
48125
48125
48126
48128
48128
48128
48128
48129
48129
48130
48131
48132
48132
48132
48133
48134
48134
48135
48135
48136
48137
48137
48137
48141
48141
48142
48143
48144
48144
48144
48144
48144
48145
48145
48146
48147
48148
48149
48150
48151
48151
48152
48153
48153
48153
48153
48155
48155
48157
48157
48158
48159
48159
48162
48162
48162
48163
48164
48165
48166
48167
48167
48167
48167
48167
48168
48168
48168
48169
48169
48169
48170
48171
48171
48172
48173
48173
48174
48174
48175
48175
48175
48175
48176
48176
48176
48178
48178
48179
48180
48181
48181
48182
48183
48183
48185
48185
48187
48188
48189
48189
48189
48190
48190
48190
48191
48192
48193
48193
48194
48194
48194
48195
48196
48196
48197
48197
48197
48197
48198
48198
48199
48199
48200
48201
48201
48202
48203
48203
48204
48205
48206
48206
48206
48206
48206
48206
48207
48208
48208
48209
48209
48210
48210
48211
48212
48214
48214
48215
48215
48215
48215
48215
48216
48216
48217
48217
48219
48219
48220
48220
48220
48220
48221
48221
48221
48221
48222
48222
48222
48223
48224
48225
48226
48227
48227
48227
48228
48228
48228
48229
48230
48230
48233
48233
48233
48236
48238
48238
48238
48238
48238
48239
48239
48239
48240
48240
48240
48242
48242
48243
48244
48244
48245
48245
48245
48247
48248
48249
48249
48250
48252
48253
48254
48255
48255
48255
48256
48256
48256
48258
48258
48258
48259
48260
48260
48260
48261
48261
48263
48264
48264
48265
48265
48265
48265
48266
48267
48267
48268
48269
48269
48271
48271
48272
48273
48275
48275
48278
48278
48280
48280
48280
48280
48281
48282
48283
48283
48283
48284
48284
48287
48287
48287
48288
48288
48288
48289
48290
48291
48291
48292
48293
48293
48294
48294
48295
48295
48296
48296
48297
48298
48298
48299
48299
48300
48301
48301
48302
48302
48303
48303
48303
48304
48305
48306
48306
48307
48308
48308
48309
48309
48310
48310
48310
48311
48312
48313
48313
48315
48315
48315
48315
48316
48317
48317
48317
48317
48318
48318
48319
48320
48321
48321
48321
48322
48322
48323
48323
48324
48324
48324
48324
48325
48326
48327
48329
48330
48333
48334
48334
48335
48335
48337
48337
48338
48338
48338
48340
48340
48341
48341
48341
48342
48343
48343
48344
48344
48344
48345
48345
48346
48346
48347
48347
48348
48348
48350
48350
48352
48352
48352
48352
48353
48353
48353
48355
48355
48356
48356
48356
48357
48357
48358
48358
48358
48358
48359
48359
48359
48359
48360
48362
48362
48365
48366
48366
48366
48367
48367
48370
48371
48371
48371
48371
48372
48373
48373
48374
48374
48376
48378
48378
48380
48380
48380
48383
48383
48385
48387
48388
48388
48390
48390
48391
48392
48392
48392
48393
48393
48393
48394
48394
48395
48395
48396
48397
48397
48398
48398
48400
48400
48400
48400
48400
48401
48401
48401
48401
48402
48402
48403
48404
48408
48408
48409
48410
48410
48410
48411
48411
48412
48413
48414
48416
48416
48418
48418
48419
48420
48420
48421
48422
48423
48426
48426
48428
48428
48429
48429
48430
48430
48431
48433
48433
48433
48434
48435
48437
48437
48438
48438
48439
48440
48440
48442
48442
48443
48443
48444
48444
48445
48445
48445
48445
48446
48447
48448
48449
48449
48449
48450
48451
48452
48453
48453
48454
48454
48457
48457
48460
48460
48461
48461
48461
48461
48462
48462
48462
48462
48463
48464
48464
48465
48466
48466
48466
48467
48467
48467
48468
48469
48470
48470
48472
48472
48473
48473
48473
48473
48473
48474
48475
48475
48475
48475
48476
48477
48477
48478
48478
48478
48478
48479
48479
48479
48479
48479
48480
48481
48481
48483
48483
48483
48483
48483
48483
48484
48484
48484
48485
48487
48488
48489
48489
48491
48493
48493
48495
48495
48496
48496
48496
48496
48496
48496
48497
48497
48497
48498
48499
48499
48500
48501
48502
48502
48502
48503
48503
48503
48503
48504
48505
48505
48506
48507
48507
48507
48508
48509
48510
48510
48512
48512
48513
48513
48513
48513
48513
48515
48516
48516
48517
48519
48519
48519
48520
48521
48521
48522
48522
48522
48523
48524
48525
48526
48528
48529
48529
48529
48530
48530
48530
48531
48531
48532
48533
48533
48534
48534
48535
48535
48535
48535
48535
48536
48537
48538
48538
48538
48539
48540
48540
48540
48540
48540
48541
48541
48542
48543
48543
48543
48543
48544
48544
48544
48545
48545
48546
48546
48547
48547
48548
48548
48551
48551
48552
48552
48552
48552
48553
48553
48554
48554
48555
48555
48557
48557
48558
48559
48559
48559
48560
48561
48561
48561
48562
48564
48564
48565
48566
48567
48568
48568
48569
48570
48571
48571
48571
48571
48572
48573
48573
48573
48574
48576
48577
48577
48577
48577
48577
48577
48578
48579
48580
48581
48581
48582
48583
48583
48584
48585
48585
48585
48586
48587
48587
48587
48587
48587
48588
48588
48589
48589
48590
48591
48591
48592
48592
48593
48594
48594
48594
48594
48594
48596
48596
48597
48597
48597
48598
48598
48598
48599
48600
48601
48601
48602
48602
48603
48603
48603
48603
48604
48604
48604
48605
48605
48607
48607
48609
48609
48610
48613
48614
48614
48615
48615
48616
48619
48619
48619
48620
48621
48622
48623
48623
48623
48624
48624
48625
48625
48626
48626
48626
48626
48627
48627
48630
48631
48631
48632
48632
48632
48632
48632
48632
48633
48633
48634
48635
48635
48636
48637
48637
48638
48639
48640
48640
48640
48641
48641
48643
48643
48643
48643
48644
48645
48646
48646
48647
48647
48647
48647
48649
48649
48651
48651
48652
48654
48656
48656
48657
48657
48657
48657
48659
48660
48661
48661
48662
48663
48664
48665
48667
48668
48668
48669
48669
48670
48671
48671
48672
48672
48673
48674
48674
48675
48675
48675
48675
48677
48678
48678
48679
48679
48680
48680
48680
48680
48681
48682
48683
48683
48683
48684
48684
48684
48685
48685
48686
48687
48687
48688
48689
48689
48690
48691
48691
48691
48692
48692
48692
48693
48693
48693
48693
48693
48694
48695
48695
48695
48695
48696
48696
48697
48697
48698
48700
48700
48700
48700
48701
48701
48701
48702
48702
48702
48704
48705
48707
48707
48707
48708
48709
48710
48710
48711
48711
48711
48711
48712
48712
48713
48714
48715
48715
48716
48717
48717
48717
48721
48722
48722
48722
48722
48725
48727
48727
48728
48728
48728
48729
48731
48731
48732
48732
48732
48732
48733
48733
48733
48733
48733
48737
48737
48738
48738
48739
48739
48739
48739
48739
48739
48740
48741
48741
48742
48742
48742
48742
48742
48743
48743
48743
48743
48743
48744
48744
48744
48745
48746
48746
48746
48747
48748
48748
48748
48748
48748
48748
48748
48749
48751
48751
48751
48751
48752
48752
48753
48755
48755
48756
48756
48757
48757
48758
48759
48760
48760
48761
48761
48761
48761
48762
48762
48763
48763
48763
48764
48764
48765
48765
48765
48766
48767
48768
48768
48769
48769
48770
48770
48771
48772
48772
48772
48773
48773
48773
48774
48774
48774
48774
48774
48774
48774
48775
48776
48777
48777
48777
48778
48779
48780
48782
48782
48783
48784
48784
48785
48785
48786
48787
48788
48788
48791
48791
48791
48792
48792
48792
48793
48793
48796
48797
48798
48798
48799
48799
48800
48800
48802
48803
48804
48804
48804
48804
48805
48806
48806
48807
48807
48808
48808
48808
48808
48809
48809
48810
48810
48811
48813
48814
48815
48815
48815
48815
48816
48817
48819
48819
48821
48821
48821
48821
48823
48823
48823
48823
48823
48823
48824
48824
48824
48824
48825
48825
48825
48826
48826
48826
48826
48827
48828
48828
48828
48829
48831
48833
48833
48833
48833
48834
48834
48834
48834
48834
48834
48835
48836
48838
48838
48838
48839
48839
48839
48839
48840
48840
48841
48841
48841
48843
48844
48844
48844
48844
48844
48844
48845
48845
48845
48846
48846
48847
48848
48848
48850
48850
48851
48851
48851
48853
48853
48853
48853
48854
48854
48854
48854
48855
48855
48855
48855
48856
48856
48856
48856
48857
48857
48858
48858
48858
48858
48858
48859
48859
48859
48859
48860
48860
48860
48860
48861
48861
48862
48862
48863
48864
48865
48865
48865
48866
48866
48866
48866
48867
48868
48868
48869
48869
48870
48871
48871
48871
48874
48875
48875
48876
48876
48878
48878
48878
48879
48879
48879
48880
48880
48880
48880
48881
48881
48881
48881
48881
48882
48882
48883
48883
48884
48885
48886
48886
48886
48887
48887
48888
48889
48889
48889
48889
48890
48890
48891
48893
48894
48894
48894
48894
48897
48897
48897
48897
48898
48900
48900
48900
48901
48902
48903
48903
48904
48904
48905
48905
48905
48906
48907
48908
48908
48908
48908
48909
48910
48910
48912
48912
48912
48912
48912
48912
48913
48914
48914
48915
48915
48915
48915
48917
48917
48918
48918
48918
48918
48919
48919
48920
48920
48920
48920
48920
48920
48922
48922
48923
48924
48924
48924
48924
48925
48925
48927
48928
48928
48928
48928
48928
48928
48929
48929
48929
48929
48932
48933
48933
48933
48933
48933
48934
48936
48936
48937
48937
48938
48938
48938
48938
48938
48938
48939
48939
48939
48939
48941
48941
48942
48943
48943
48943
48943
48943
48943
48943
48945
48945
48945
48945
48945
48946
48946
48946
48948
48949
48950
48950
48950
48951
48952
48952
48953
48953
48953
48954
48954
48954
48954
48954
48955
48956
48956
48956
48957
48958
48960
48960
48960
48962
48962
48962
48962
48963
48963
48963
48963
48963
48965
48965
48965
48966
48966
48967
48967
48967
48968
48968
48968
48969
48969
48969
48970
48971
48971
48972
48973
48973
48974
48974
48975
48976
48976
48977
48978
48978
48978
48978
48979
48980
48980
48980
48981
48982
48982
48982
48983
48983
48983
48984
48985
48985
48986
48986
48987
48987
48988
48988
48989
48990
48991
48991
48991
48992
48992
48992
48994
48994
48995
48995
48996
48997
48998
48998
48998
49000
49000
49000
49000
49000
49000
49000
49000
49000
49001
49001
49001
49002
49002
49002
49002
49002
49002
49002
49003
49003
49003
49004
49004
49004
49005
49006
49007
49007
49007
49007
49008
49008
49008
49008
49009
49010
49011
49011
49011
49012
49012
49014
49014
49015
49015
49015
49015
49016
49017
49018
49018
49019
49019
49019
49020
49021
49021
49021
49021
49022
49022
49023
49025
49025
49025
49025
49027
49028
49028
49028
49028
49029
49029
49029
49029
49029
49030
49030
49031
49031
49032
49032
49033
49035
49036
49037
49037
49039
49039
49041
49042
49042
49042
49042
49042
49043
49043
49043
49044
49044
49044
49044
49044
49046
49046
49047
49047
49047
49047
49047
49048
49048
49049
49050
49050
49050
49050
49051
49051
49051
49052
49052
49052
49053
49055
49055
49056
49056
49056
49056
49056
49056
49057
49057
49058
49058
49058
49059
49059
49059
49060
49060
49060
49061
49061
49062
49063
49064
49065
49066
49068
49069
49069
49069
49070
49072
49073
49073
49073
49073
49074
49074
49074
49074
49075
49075
49075
49076
49076
49077
49077
49078
49078
49078
49078
49079
49079
49079
49079
49079
49079
49080
49080
49080
49080
49080
49080
49081
49082
49082
49083
49084
49084
49084
49084
49085
49085
49087
49087
49087
49088
49088
49088
49088
49089
49089
49090
49091
49091
49092
49092
49092
49092
49093
49093
49094
49094
49097
49097
49097
49097
49098
49098
49098
49099
49100
49101
49101
49101
49101
49102
49102
49102
49102
49103
49104
49104
49104
49105
49106
49106
49106
49107
49107
49107
49108
49109
49110
49110
49111
49111
49113
49114
49114
49115
49116
49117
49117
49119
49121
49121
49121
49122
49122
49122
49123
49123
49124
49124
49125
49126
49126
49126
49126
49127
49127
49128
49129
49129
49129
49129
49129
49130
49131
49131
49131
49131
49132
49132
49132
49132
49133
49133
49133
49133
49134
49135
49135
49135
49137
49137
49138
49139
49139
49139
49140
49140
49140
49140
49140
49141
49143
49143
49143
49143
49143
49144
49144
49144
49144
49144
49146
49147
49147
49148
49148
49148
49149
49149
49150
49150
49150
49150
49151
49151
49151
49151
49152
49152
49153
49154
49154
49154
49155
49155
49155
49155
49156
49156
49157
49157
49157
49159
49160
49161
49161
49161
49161
49162
49163
49163
49163
49165
49165
49165
49166
49166
49166
49166
49167
49167
49168
49169
49169
49169
49169
49169
49171
49171
49171
49172
49173
49173
49174
49175
49175
49175
49175
49175
49177
49177
49177
49179
49179
49180
49182
49182
49183
49183
49184
49184
49185
49185
49185
49185
49186
49187
49187
49187
49187
49187
49188
49189
49189
49190
49190
49191
49191
49192
49193
49193
49194
49195
49195
49196
49196
49196
49196
49196
49197
49197
49197
49200
49201
49201
49202
49202
49202
49203
49203
49205
49205
49206
49206
49206
49207
49207
49207
49208
49209
49209
49209
49210
49210
49210
49210
49210
49210
49210
49211
49211
49211
49213
49213
49213
49214
49214
49214
49214
49216
49216
49216
49218
49218
49218
49218
49219
49219
49219
49220
49220
49220
49222
49222
49222
49223
49223
49224
49224
49224
49224
49225
49227
49227
49227
49227
49228
49228
49229
49229
49230
49230
49230
49230
49230
49231
49231
49231
49232
49232
49233
49233
49234
49235
49235
49236
49236
49236
49236
49237
49238
49238
49238
49238
49239
49239
49240
49240
49240
49240
49242
49242
49242
49242
49244
49244
49245
49246
49248
49248
49249
49250
49250
49251
49251
49251
49251
49253
49254
49254
49254
49254
49254
49254
49254
49255
49255
49255
49255
49256
49256
49256
49257
49257
49257
49257
49258
49258
49258
49258
49258
49258
49259
49259
49259
49259
49259
49259
49259
49260
49260
49260
49260
49261
49262
49262
49262
49263
49264
49264
49264
49264
49266
49266
49266
49267
49267
49267
49268
49268
49269
49270
49270
49270
49270
49270
49271
49271
49272
49272
49272
49272
49273
49273
49274
49274
49274
49274
49275
49275
49275
49275
49276
49277
49277
49277
49278
49279
49280
49280
49281
49281
49281
49281
49281
49282
49282
49282
49282
49285
49285
49286
49286
49287
49287
49288
49288
49288
49289
49289
49289
49290
49292
49292
49292
49293
49293
49294
49294
49294
49294
49296
49296
49297
49297
49298
49298
49298
49298
49299
49299
49299
49300
49300
49300
49301
49301
49301
49301
49301
49301
49303
49303
49303
49303
49303
49303
49304
49305
49305
49305
49306
49306
49306
49307
49307
49307
49308
49308
49308
49308
49308
49309
49309
49309
49309
49309
49310
49310
49310
49311
49312
49312
49313
49313
49314
49314
49314
49314
49314
49315
49315
49316
49316
49316
49316
49317
49317
49317
49318
49318
49318
49319
49320
49320
49320
49320
49322
49323
49323
49323
49324
49324
49325
49325
49325
49325
49326
49327
49327
49327
49328
49328
49328
49328
49329
49330
49330
49331
49331
49332
49333
49334
49335
49335
49335
49335
49336
49337
49337
49337
49337
49337
49337
49337
49340
49341
49342
49342
49343
49343
49343
49343
49344
49344
49346
49346
49346
49347
49347
49348
49348
49348
49349
49349
49349
49349
49349
49350
49351
49352
49352
49353
49354
49354
49354
49355
49355
49355
49356
49356
49356
49356
49356
49357
49357
49357
49358
49358
49358
49358
49359
49359
49360
49360
49360
49360
49360
49361
49361
49362
49363
49363
49364
49364
49364
49365
49365
49366
49366
49366
49368
49368
49368
49368
49369
49369
49370
49370
49371
49372
49372
49373
49374
49374
49374
49374
49375
49375
49376
49377
49378
49378
49379
49381
49382
49382
49382
49383
49383
49384
49385
49386
49386
49386
49386
49387
49387
49387
49388
49388
49388
49389
49390
49390
49390
49391
49391
49392
49393
49394
49395
49395
49396
49396
49396
49397
49397
49398
49398
49398
49399
49399
49399
49400
49400
49400
49400
49400
49401
49402
49402
49402
49403
49403
49403
49403
49404
49404
49404
49404
49405
49406
49406
49406
49407
49407
49407
49407
49408
49408
49408
49408
49409
49410
49410
49411
49411
49411
49411
49411
49412
49412
49412
49412
49412
49413
49413
49413
49414
49414
49414
49414
49414
49414
49415
49415
49415
49416
49416
49416
49416
49416
49417
49417
49417
49419
49419
49420
49420
49420
49421
49421
49421
49421
49422
49423
49423
49425
49425
49425
49425
49426
49427
49427
49427
49427
49428
49428
49428
49429
49429
49430
49430
49431
49431
49431
49432
49433
49433
49433
49434
49436
49436
49437
49437
49437
49437
49438
49439
49439
49439
49439
49439
49439
49440
49440
49440
49440
49441
49441
49441
49442
49443
49443
49443
49444
49445
49445
49445
49445
49447
49447
49447
49448
49448
49448
49449
49449
49450
49452
49452
49453
49453
49453
49453
49454
49454
49454
49454
49454
49455
49455
49456
49456
49456
49456
49456
49457
49457
49458
49458
49458
49459
49459
49459
49460
49463
49464
49464
49466
49466
49466
49466
49466
49467
49467
49467
49468
49468
49468
49468
49470
49470
49470
49470
49470
49471
49472
49473
49476
49478
49478
49478
49478
49478
49480
49481
49481
49481
49482
49482
49483
49483
49483
49484
49484
49484
49484
49484
49485
49485
49485
49487
49488
49488
49489
49490
49490
49490
49491
49491
49492
49492
49492
49492
49493
49493
49493
49493
49494
49495
49496
49496
49497
49497
49498
49498
49499
49499
49500
49500
49500
49500
49500
49500
49500
49500
49501
49501
49502
49502
49502
49503
49504
49504
49504
49505
49505
49506
49507
49507
49507
49507
49508
49508
49508
49509
49509
49509
49510
49511
49511
49511
49511
49512
49512
49512
49512
49513
49514
49514
49516
49516
49517
49517
49518
49518
49518
49519
49520
49521
49521
49521
49522
49523
49523
49525
49525
49525
49525
49525
49525
49526
49526
49527
49527
49528
49529
49529
49529
49530
49530
49530
49531
49531
49532
49533
49534
49534
49535
49535
49537
49537
49537
49538
49539
49540
49541
49541
49541
49542
49542
49542
49542
49543
49543
49543
49543
49544
49545
49546
49546
49546
49546
49547
49547
49547
49548
49548
49549
49550
49550
49551
49551
49551
49552
49553
49554
49554
49554
49555
49555
49555
49555
49555
49555
49556
49556
49557
49558
49558
49559
49559
49560
49561
49561
49562
49562
49562
49562
49563
49563
49563
49563
49564
49565
49566
49566
49566
49566
49566
49566
49567
49567
49567
49567
49567
49567
49568
49568
49569
49569
49569
49569
49569
49570
49570
49570
49572
49572
49572
49572
49573
49573
49573
49574
49574
49574
49574
49575
49575
49576
49576
49576
49577
49578
49578
49578
49578
49579
49579
49579
49581
49581
49582
49582
49583
49584
49584
49584
49584
49584
49585
49585
49586
49586
49586
49586
49587
49587
49588
49588
49588
49588
49589
49589
49589
49589
49590
49590
49590
49591
49592
49592
49593
49594
49594
49595
49595
49597
49598
49600
49600
49600
49600
49601
49601
49601
49602
49602
49602
49604
49604
49605
49606
49606
49606
49607
49608
49609
49609
49610
49610
49610
49610
49612
49612
49612
49612
49612
49613
49613
49614
49614
49614
49614
49615
49615
49615
49616
49616
49616
49617
49620
49620
49620
49621
49621
49622
49622
49623
49624
49625
49625
49625
49625
49625
49626
49626
49626
49626
49628
49628
49628
49628
49629
49629
49629
49630
49630
49630
49630
49631
49631
49631
49631
49632
49632
49632
49632
49633
49633
49633
49635
49636
49637
49637
49638
49638
49639
49639
49640
49640
49640
49640
49640
49641
49641
49641
49642
49643
49643
49643
49644
49644
49644
49645
49645
49645
49646
49646
49647
49647
49647
49647
49648
49648
49649
49649
49649
49651
49651
49652
49652
49652
49652
49653
49653
49653
49653
49655
49655
49656
49656
49657
49657
49657
49657
49657
49658
49659
49659
49660
49661
49661
49661
49661
49661
49662
49663
49663
49663
49663
49663
49663
49664
49665
49666
49666
49666
49667
49667
49668
49668
49668
49668
49668
49669
49669
49670
49670
49670
49671
49671
49671
49671
49671
49672
49672
49673
49673
49674
49674
49675
49675
49675
49676
49676
49676
49676
49676
49678
49678
49678
49678
49679
49679
49679
49679
49679
49680
49680
49680
49680
49680
49680
49682
49682
49682
49682
49682
49683
49684
49684
49686
49686
49687
49687
49687
49687
49687
49687
49687
49688
49688
49688
49688
49689
49690
49690
49690
49690
49691
49691
49691
49691
49691
49692
49692
49692
49693
49693
49693
49693
49693
49694
49695
49695
49696
49696
49697
49697
49698
49699
49699
49701
49701
49701
49701
49701
49702
49702
49702
49703
49703
49704
49705
49705
49705
49705
49705
49705
49706
49706
49707
49707
49707
49707
49707
49708
49708
49709
49709
49710
49710
49711
49711
49711
49712
49713
49713
49713
49713
49714
49714
49716
49716
49716
49717
49717
49717
49718
49718
49718
49718
49718
49720
49720
49721
49721
49722
49722
49722
49723
49724
49724
49724
49725
49725
49725
49725
49726
49726
49726
49726
49727
49727
49727
49728
49728
49730
49730
49730
49730
49730
49731
49732
49732
49732
49732
49733
49734
49734
49734
49734
49735
49735
49736
49736
49736
49736
49737
49737
49737
49738
49738
49739
49739
49740
49741
49742
49742
49743
49743
49744
49744
49744
49744
49745
49745
49747
49747
49747
49747
49748
49748
49748
49749
49751
49751
49751
49752
49752
49752
49754
49754
49754
49754
49755
49755
49755
49755
49756
49756
49756
49757
49758
49758
49759
49759
49759
49759
49760
49760
49761
49762
49763
49763
49764
49764
49764
49765
49766
49766
49766
49766
49768
49769
49769
49769
49770
49771
49771
49772
49773
49773
49774
49774
49774
49775
49775
49776
49776
49778
49778
49779
49779
49781
49781
49781
49781
49782
49782
49782
49783
49783
49783
49783
49784
49784
49784
49784
49785
49786
49786
49786
49786
49787
49787
49787
49789
49789
49789
49790
49790
49790
49791
49792
49792
49792
49793
49793
49794
49794
49795
49795
49796
49796
49796
49796
49797
49797
49797
49797
49798
49798
49799
49799
49799
49799
49800
49800
49800
49800
49800
49800
49800
49801
49801
49802
49803
49803
49803
49803
49804
49804
49804
49804
49804
49804
49805
49807
49807
49808
49808
49809
49810
49810
49810
49810
49811
49811
49812
49812
49812
49813
49814
49815
49815
49815
49815
49815
49815
49816
49816
49816
49816
49818
49819
49820
49820
49820
49820
49821
49822
49823
49823
49823
49823
49824
49824
49825
49825
49825
49826
49826
49826
49826
49827
49827
49827
49828
49828
49829
49829
49829
49830
49830
49830
49831
49831
49831
49833
49833
49833
49834
49834
49834
49835
49835
49837
49837
49838
49838
49838
49838
49838
49839
49840
49840
49840
49840
49841
49841
49842
49842
49842
49842
49842
49843
49843
49844
49846
49846
49846
49846
49846
49847
49847
49848
49848
49848
49848
49848
49849
49849
49849
49850
49851
49851
49852
49852
49853
49853
49853
49854
49854
49855
49855
49856
49856
49856
49857
49857
49858
49859
49859
49859
49859
49860
49860
49860
49860
49860
49862
49863
49863
49863
49864
49864
49864
49864
49865
49867
49868
49869
49870
49870
49870
49872
49873
49873
49873
49873
49873
49874
49874
49875
49875
49875
49876
49876
49877
49877
49878
49878
49879
49879
49880
49881
49882
49883
49883
49884
49884
49884
49884
49884
49885
49885
49885
49885
49885
49885
49886
49886
49886
49887
49887
49888
49888
49888
49888
49889
49889
49889
49889
49891
49891
49891
49891
49891
49892
49892
49892
49893
49893
49893
49894
49894
49894
49895
49895
49895
49897
49897
49899
49899
49899
49900
49901
49901
49901
49902
49903
49904
49904
49904
49904
49904
49904
49904
49904
49906
49907
49907
49907
49907
49908
49908
49908
49908
49908
49909
49909
49909
49910
49910
49910
49912
49913
49913
49913
49913
49913
49913
49914
49914
49915
49915
49915
49916
49916
49917
49917
49917
49917
49917
49918
49918
49918
49919
49920
49920
49921
49922
49922
49922
49922
49923
49923
49923
49923
49924
49925
49925
49926
49926
49928
49928
49928
49929
49929
49929
49929
49930
49930
49931
49932
49932
49932
49933
49933
49933
49934
49934
49935
49936
49937
49938
49938
49938
49939
49939
49939
49939
49940
49940
49940
49940
49940
49940
49940
49941
49941
49942
49942
49943
49943
49943
49943
49943
49944
49944
49944
49944
49946
49946
49946
49946
49948
49949
49950
49950
49950
49951
49951
49952
49952
49953
49953
49953
49954
49955
49956
49956
49956
49956
49956
49956
49957
49958
49958
49958
49959
49960
49960
49960
49961
49961
49961
49961
49962
49962
49962
49962
49962
49962
49962
49964
49965
49965
49965
49965
49965
49965
49966
49966
49967
49967
49967
49968
49968
49969
49969
49970
49972
49972
49974
49974
49974
49974
49974
49974
49975
49975
49975
49976
49977
49977
49977
49978
49979
49979
49980
49980
49981
49981
49982
49982
49983
49983
49984
49985
49985
49985
49985
49985
49986
49986
49986
49986
49987
49987
49987
49990
49990
49990
49990
49990
49990
49992
49992
49992
49992
49992
49993
49993
49993
49994
49994
49996
49996
49997
49997
49997
49997
49997
49998
49998
49998
49999
49999
49999
49999
50000
50000
50001
50002
50002
50003
50003
50004
50004
50004
50004
50006
50007
50007
50007
50007
50007
50007
50007
50008
50009
50010
50010
50011
50012
50013
50013
50014
50014
50014
50014
50015
50017
50017
50017
50018
50018
50018
50018
50018
50018
50018
50019
50019
50020
50020
50020
50021
50021
50021
50021
50021
50021
50021
50021
50022
50022
50022
50023
50024
50025
50025
50025
50025
50026
50026
50026
50026
50027
50027
50028
50028
50029
50029
50029
50029
50029
50030
50030
50030
50031
50032
50032
50032
50033
50033
50033
50033
50033
50033
50036
50038
50038
50038
50039
50040
50040
50041
50041
50041
50041
50042
50043
50043
50043
50043
50044
50044
50045
50045
50045
50046
50046
50047
50047
50048
50048
50049
50049
50049
50049
50050
50050
50050
50050
50051
50052
50052
50052
50053
50053
50054
50054
50054
50055
50055
50055
50055
50057
50057
50058
50058
50058
50058
50059
50059
50059
50060
50060
50060
50060
50060
50060
50061
50061
50062
50063
50064
50064
50064
50064
50064
50065
50065
50066
50066
50067
50067
50067
50067
50067
50067
50067
50068
50069
50069
50070
50070
50072
50072
50073
50074
50074
50074
50075
50075
50075
50075
50076
50077
50077
50078
50078
50078
50079
50079
50080
50080
50080
50080
50080
50080
50081
50081
50081
50081
50082
50082
50082
50082
50082
50083
50083
50084
50084
50084
50084
50085
50087
50087
50088
50088
50088
50088
50089
50089
50090
50091
50091
50093
50094
50095
50096
50096
50097
50097
50098
50098
50098
50098
50099
50099
50099
50099
50100
50100
50101
50102
50102
50102
50104
50105
50105
50105
50106
50106
50106
50107
50107
50108
50108
50109
50109
50109
50109
50109
50109
50110
50110
50110
50110
50111
50111
50111
50111
50111
50111
50112
50112
50113
50113
50113
50113
50113
50113
50115
50115
50115
50115
50115
50116
50116
50118
50118
50119
50121
50122
50122
50122
50122
50122
50122
50122
50123
50123
50124
50125
50125
50125
50125
50126
50127
50127
50128
50128
50128
50129
50130
50130
50130
50130
50131
50132
50132
50132
50132
50133
50134
50135
50135
50135
50135
50136
50136
50136
50136
50137
50137
50138
50138
50139
50140
50140
50140
50140
50140
50141
50142
50142
50142
50142
50142
50142
50143
50143
50143
50143
50144
50144
50144
50144
50145
50145
50145
50145
50145
50145
50145
50146
50146
50146
50147
50147
50148
50149
50149
50149
50149
50150
50150
50150
50150
50151
50151
50152
50152
50153
50153
50153
50153
50154
50155
50155
50156
50156
50156
50156
50157
50157
50157
50157
50157
50158
50158
50159
50159
50159
50160
50160
50160
50160
50162
50162
50163
50163
50164
50164
50164
50164
50165
50165
50166
50166
50166
50166
50167
50167
50167
50167
50168
50168
50168
50168
50169
50169
50170
50170
50170
50170
50170
50170
50171
50172
50172
50172
50172
50172
50172
50173
50173
50173
50173
50174
50174
50175
50175
50175
50175
50175
50176
50176
50176
50176
50176
50178
50178
50178
50180
50180
50180
50181
50181
50181
50181
50181
50182
50182
50182
50183
50183
50183
50184
50184
50184
50184
50185
50186
50186
50187
50187
50187
50187
50188
50188
50189
50189
50190
50191
50191
50191
50191
50191
50193
50193
50193
50194
50194
50195
50195
50196
50196
50197
50198
50198
50198
50199
50200
50200
50200
50201
50203
50203
50203
50204
50204
50204
50204
50205
50205
50205
50205
50205
50206
50207
50207
50208
50208
50208
50209
50209
50210
50210
50210
50210
50211
50211
50212
50212
50212
50212
50212
50212
50213
50214
50214
50214
50215
50215
50215
50216
50217
50218
50218
50218
50219
50220
50220
50221
50221
50222
50222
50223
50224
50224
50225
50225
50225
50225
50225
50225
50225
50225
50225
50226
50227
50227
50227
50228
50229
50230
50230
50230
50230
50230
50230
50230
50231
50231
50231
50231
50231
50232
50233
50234
50234
50234
50235
50235
50235
50236
50237
50237
50237
50237
50238
50238
50238
50238
50239
50239
50239
50239
50239
50240
50241
50241
50241
50241
50241
50242
50242
50242
50242
50242
50242
50244
50244
50244
50245
50245
50245
50245
50246
50246
50247
50247
50247
50248
50248
50249
50249
50249
50249
50249
50250
50250
50251
50251
50251
50251
50251
50252
50252
50252
50252
50252
50252
50255
50255
50255
50256
50256
50257
50257
50257
50257
50258
50258
50259
50260
50260
50261
50261
50262
50262
50263
50263
50264
50264
50264
50264
50265
50265
50265
50265
50267
50267
50267
50267
50267
50268
50268
50268
50268
50269
50269
50269
50271
50271
50272
50272
50273
50274
50274
50275
50275
50277
50277
50277
50277
50278
50278
50278
50279
50279
50280
50280
50282
50282
50283
50284
50285
50287
50288
50288
50288
50289
50289
50289
50289
50290
50290
50290
50291
50291
50293
50295
50296
50297
50297
50297
50298
50298
50298
50299
50299
50300
50300
50300
50301
50301
50301
50302
50303
50303
50304
50304
50304
50305
50305
50305
50305
50306
50306
50307
50307
50308
50308
50308
50309
50310
50311
50311
50311
50313
50314
50314
50315
50315
50317
50317
50317
50317
50317
50318
50319
50319
50319
50320
50320
50320
50322
50322
50322
50323
50323
50323
50323
50324
50324
50325
50325
50325
50326
50326
50326
50327
50328
50328
50328
50328
50330
50330
50331
50331
50331
50332
50332
50332
50333
50334
50334
50335
50335
50335
50337
50338
50338
50338
50339
50340
50340
50340
50340
50340
50341
50341
50341
50343
50343
50343
50343
50344
50344
50344
50344
50344
50345
50345
50346
50346
50346
50347
50347
50348
50348
50348
50348
50350
50350
50350
50350
50351
50351
50351
50351
50351
50351
50352
50352
50352
50353
50353
50353
50353
50353
50354
50356
50356
50357
50357
50357
50357
50357
50358
50358
50359
50360
50361
50362
50363
50364
50364
50364
50365
50365
50366
50366
50366
50367
50367
50367
50367
50367
50368
50368
50369
50370
50370
50370
50371
50372
50373
50373
50373
50373
50373
50374
50374
50375
50375
50375
50376
50376
50377
50377
50377
50377
50378
50379
50380
50380
50380
50382
50382
50382
50382
50383
50383
50383
50383
50383
50383
50383
50384
50385
50386
50386
50386
50387
50387
50387
50390
50390
50390
50390
50391
50391
50392
50392
50393
50393
50393
50393
50395
50395
50395
50396
50396
50396
50396
50396
50396
50397
50398
50399
50399
50399
50399
50400
50400
50400
50402
50402
50402
50402
50403
50403
50403
50403
50404
50404
50405
50405
50406
50406
50407
50408
50408
50408
50408
50408
50408
50409
50409
50410
50410
50410
50411
50411
50411
50411
50411
50411
50411
50411
50411
50412
50412
50412
50413
50413
50414
50414
50415
50415
50416
50416
50417
50417
50418
50420
50420
50421
50421
50421
50422
50422
50423
50423
50423
50424
50424
50424
50425
50426
50426
50426
50426
50427
50427
50428
50428
50428
50428
50428
50429
50429
50431
50431
50431
50432
50432
50432
50432
50434
50434
50434
50434
50435
50435
50437
50438
50439
50439
50439
50439
50440
50440
50440
50440
50440
50441
50441
50441
50441
50442
50443
50444
50445
50445
50445
50446
50446
50446
50447
50448
50448
50450
50450
50450
50451
50452
50452
50453
50453
50453
50454
50454
50454
50455
50455
50455
50456
50456
50456
50456
50456
50458
50458
50458
50459
50460
50460
50460
50460
50461
50461
50461
50461
50461
50464
50464
50464
50465
50465
50466
50466
50466
50467
50467
50467
50468
50468
50468
50469
50469
50470
50470
50471
50471
50471
50471
50472
50472
50472
50473
50473
50474
50476
50476
50476
50476
50477
50478
50479
50479
50479
50480
50480
50481
50482
50482
50482
50483
50483
50484
50485
50485
50485
50485
50485
50485
50486
50486
50486
50486
50487
50488
50488
50489
50489
50490
50490
50491
50491
50492
50492
50492
50493
50493
50495
50496
50496
50496
50498
50498
50499
50499
50499
50501
50501
50501
50502
50502
50502
50503
50504
50504
50504
50504
50505
50505
50506
50506
50507
50507
50507
50508
50509
50510
50510
50510
50510
50510
50511
50511
50511
50512
50513
50514
50514
50515
50515
50515
50515
50516
50517
50517
50518
50518
50519
50520
50520
50520
50521
50522
50522
50522
50524
50524
50526
50527
50527
50529
50529
50529
50529
50530
50531
50532
50533
50533
50533
50533
50534
50534
50534
50536
50536
50537
50538
50538
50538
50539
50540
50540
50540
50540
50540
50540
50540
50540
50540
50541
50542
50543
50543
50543
50543
50543
50545
50546
50546
50546
50546
50547
50547
50548
50548
50549
50549
50550
50551
50551
50552
50553
50554
50554
50555
50555
50555
50555
50556
50556
50558
50558
50558
50559
50559
50559
50560
50560
50560
50561
50561
50561
50561
50561
50561
50562
50562
50562
50562
50564
50564
50565
50565
50565
50566
50566
50567
50567
50568
50569
50570
50571
50571
50571
50572
50573
50573
50574
50574
50574
50575
50576
50576
50577
50577
50577
50579
50580
50581
50581
50582
50582
50582
50583
50583
50583
50583
50584
50584
50584
50585
50585
50585
50585
50586
50587
50587
50587
50587
50587
50587
50587
50589
50589
50589
50589
50590
50590
50590
50590
50591
50591
50592
50592
50592
50593
50593
50594
50594
50594
50594
50595
50596
50597
50598
50599
50599
50599
50599
50601
50601
50601
50601
50602
50602
50603
50603
50603
50604
50604
50604
50605
50605
50605
50605
50605
50606
50606
50606
50608
50608
50608
50608
50608
50608
50609
50610
50610
50610
50610
50611
50611
50611
50612
50612
50612
50613
50614
50615
50615
50615
50615
50615
50616
50616
50617
50618
50618
50619
50620
50620
50621
50621
50621
50622
50622
50622
50622
50622
50623
50623
50624
50624
50624
50624
50624
50626
50627
50627
50628
50628
50629
50629
50629
50630
50630
50630
50631
50632
50632
50633
50634
50636
50638
50638
50638
50638
50639
50639
50639
50639
50640
50641
50641
50642
50643
50644
50644
50644
50644
50644
50644
50644
50645
50647
50647
50647
50647
50647
50647
50648
50648
50649
50649
50650
50651
50651
50651
50651
50652
50652
50653
50654
50654
50654
50654
50654
50654
50654
50654
50654
50654
50655
50655
50655
50655
50655
50655
50655
50657
50657
50658
50658
50659
50659
50660
50660
50660
50661
50661
50661
50661
50661
50661
50662
50663
50664
50665
50665
50665
50665
50666
50666
50666
50666
50667
50667
50667
50668
50669
50669
50670
50670
50670
50670
50671
50671
50672
50672
50673
50673
50674
50674
50674
50675
50675
50676
50677
50677
50678
50678
50679
50679
50680
50680
50681
50682
50682
50682
50683
50684
50684
50685
50685
50685
50685
50687
50687
50688
50688
50689
50689
50689
50689
50690
50691
50691
50691
50691
50692
50693
50693
50694
50696
50696
50696
50696
50698
50699
50699
50699
50700
50701
50701
50701
50702
50703
50703
50705
50705
50705
50706
50706
50706
50707
50707
50708
50708
50709
50709
50709
50710
50710
50710
50710
50712
50712
50713
50713
50713
50713
50714
50715
50715
50715
50715
50715
50715
50719
50721
50721
50722
50722
50722
50723
50723
50723
50723
50724
50724
50724
50724
50724
50725
50725
50726
50727
50727
50727
50728
50728
50728
50729
50730
50730
50730
50730
50730
50731
50731
50731
50731
50733
50733
50733
50733
50734
50734
50734
50735
50735
50736
50736
50738
50739
50739
50739
50740
50740
50740
50740
50740
50740
50741
50741
50742
50742
50742
50742
50745
50745
50745
50746
50746
50748
50748
50749
50749
50749
50749
50750
50750
50751
50751
50751
50751
50751
50751
50751
50752
50752
50752
50753
50754
50754
50754
50754
50755
50755
50756
50756
50757
50757
50758
50759
50760
50760
50760
50760
50760
50761
50761
50761
50761
50761
50762
50762
50762
50763
50763
50764
50764
50765
50766
50766
50766
50766
50766
50767
50767
50768
50769
50769
50769
50769
50769
50770
50770
50771
50771
50771
50772
50772
50772
50774
50775
50775
50775
50776
50776
50776
50777
50778
50778
50778
50779
50780
50781
50781
50781
50781
50782
50782
50782
50783
50783
50783
50785
50785
50785
50785
50785
50785
50786
50786
50787
50787
50788
50788
50788
50788
50790
50790
50790
50791
50791
50791
50791
50791
50791
50791
50793
50793
50794
50794
50795
50795
50796
50796
50796
50796
50796
50797
50797
50798
50798
50799
50799
50799
50799
50800
50800
50800
50801
50801
50802
50803
50803
50804
50805
50805
50806
50806
50806
50807
50807
50808
50808
50808
50809
50809
50809
50810
50811
50811
50811
50812
50812
50812
50812
50812
50813
50813
50813
50814
50814
50814
50814
50815
50815
50815
50815
50815
50817
50818
50819
50820
50820
50820
50821
50821
50821
50822
50822
50822
50822
50823
50823
50823
50823
50823
50824
50824
50824
50825
50825
50825
50825
50826
50826
50826
50827
50828
50829
50829
50829
50830
50830
50831
50831
50832
50832
50833
50836
50836
50837
50837
50838
50838
50838
50839
50840
50840
50840
50841
50842
50842
50843
50844
50846
50846
50846
50847
50847
50848
50849
50849
50850
50850
50852
50853
50854
50855
50855
50855
50855
50856
50856
50856
50856
50858
50858
50859
50859
50860
50862
50863
50864
50864
50864
50865
50865
50865
50866
50866
50867
50867
50867
50867
50867
50867
50868
50868
50869
50869
50870
50870
50870
50870
50871
50871
50871
50872
50873
50873
50874
50874
50875
50875
50876
50877
50877
50877
50877
50879
50879
50879
50879
50880
50883
50883
50883
50884
50885
50885
50885
50885
50886
50886
50886
50886
50887
50887
50887
50888
50889
50889
50890
50890
50890
50891
50891
50892
50893
50893
50893
50893
50893
50894
50894
50895
50896
50896
50898
50898
50899
50899
50899
50900
50900
50901
50901
50902
50902
50902
50903
50903
50903
50903
50903
50905
50905
50905
50905
50906
50906
50906
50908
50908
50909
50910
50910
50910
50913
50914
50914
50914
50914
50914
50915
50915
50916
50917
50918
50919
50921
50922
50923
50923
50923
50924
50924
50924
50926
50926
50927
50928
50928
50928
50928
50929
50929
50929
50930
50930
50931
50931
50932
50932
50932
50932
50933
50934
50934
50934
50935
50936
50938
50938
50939
50939
50940
50940
50941
50941
50941
50941
50941
50942
50942
50943
50943
50943
50944
50944
50945
50945
50945
50946
50946
50947
50947
50947
50947
50949
50949
50950
50951
50953
50954
50954
50954
50954
50954
50955
50955
50956
50957
50957
50957
50958
50958
50958
50958
50959
50961
50961
50961
50962
50962
50962
50963
50963
50963
50963
50964
50964
50964
50964
50965
50966
50966
50967
50967
50968
50968
50969
50969
50970
50970
50970
50970
50971
50972
50972
50972
50972
50973
50974
50974
50975
50976
50976
50977
50977
50978
50978
50978
50979
50981
50983
50983
50983
50983
50983
50984
50984
50984
50984
50984
50986
50986
50986
50986
50987
50987
50989
50989
50990
50990
50990
50990
50990
50990
50991
50991
50991
50992
50993
50993
50993
50993
50995
50996
50996
50996
50997
50999
50999
50999
50999
51000
51000
51000
51001
51001
51004
51004
51005
51006
51006
51009
51009
51010
51010
51011
51012
51012
51012
51013
51013
51013
51013
51013
51014
51014
51015
51015
51015
51016
51016
51017
51018
51018
51018
51018
51019
51019
51019
51020
51020
51020
51020
51020
51021
51022
51023
51023
51023
51025
51025
51026
51026
51026
51026
51027
51027
51027
51030
51030
51032
51032
51032
51034
51034
51035
51035
51036
51036
51036
51036
51037
51038
51038
51039
51040
51040
51040
51041
51041
51042
51042
51043
51044
51044
51046
51047
51047
51049
51049
51049
51050
51050
51052
51052
51053
51053
51054
51055
51055
51055
51056
51057
51057
51058
51058
51058
51058
51059
51060
51060
51061
51062
51062
51063
51063
51065
51065
51066
51066
51067
51067
51067
51068
51069
51069
51069
51069
51070
51070
51071
51072
51072
51072
51072
51074
51074
51074
51075
51075
51075
51076
51077
51077
51078
51078
51078
51079
51079
51080
51080
51080
51081
51081
51082
51082
51083
51084
51084
51084
51085
51086
51087
51087
51087
51087
51088
51089
51089
51089
51090
51090
51091
51091
51092
51092
51092
51093
51094
51094
51094
51094
51095
51095
51095
51095
51095
51096
51096
51096
51096
51097
51097
51098
51100
51100
51100
51100
51101
51101
51101
51101
51101
51102
51103
51103
51103
51103
51104
51105
51105
51105
51106
51106
51109
51109
51109
51110
51110
51110
51111
51111
51112
51113
51114
51114
51114
51115
51115
51115
51115
51116
51116
51117
51117
51119
51119
51119
51119
51120
51120
51120
51120
51121
51121
51122
51122
51122
51123
51123
51123
51124
51125
51125
51125
51125
51126
51126
51126
51127
51127
51127
51128
51128
51129
51130
51131
51131
51132
51134
51136
51136
51136
51138
51139
51142
51142
51143
51143
51143
51144
51144
51145
51145
51145
51145
51147
51147
51148
51148
51148
51148
51149
51150
51150
51151
51151
51151
51151
51153
51153
51154
51154
51154
51154
51154
51154
51154
51156
51156
51156
51157
51157
51157
51159
51159
51160
51160
51161
51161
51161
51162
51162
51162
51164
51164
51165
51165
51165
51166
51166
51166
51167
51168
51168
51168
51168
51170
51170
51170
51170
51172
51173
51174
51174
51175
51175
51175
51176
51176
51178
51178
51179
51179
51180
51180
51180
51181
51182
51182
51182
51184
51184
51185
51186
51186
51187
51187
51187
51187
51189
51189
51189
51189
51189
51190
51191
51191
51191
51192
51192
51192
51192
51192
51192
51193
51193
51193
51195
51196
51196
51196
51197
51197
51198
51198
51198
51199
51200
51200
51200
51201
51203
51203
51204
51205
51206
51206
51206
51207
51207
51207
51209
51209
51209
51210
51210
51211
51211
51212
51213
51213
51214
51215
51215
51215
51215
51216
51217
51217
51217
51218
51218
51218
51218
51219
51220
51221
51222
51222
51222
51223
51224
51225
51226
51226
51227
51227
51227
51228
51228
51230
51230
51230
51231
51231
51231
51232
51233
51233
51234
51235
51236
51237
51237
51238
51239
51240
51241
51242
51242
51242
51243
51243
51243
51244
51244
51244
51244
51244
51245
51245
51245
51246
51246
51247
51247
51247
51247
51248
51248
51248
51249
51250
51250
51250
51250
51250
51251
51252
51252
51253
51253
51254
51255
51255
51256
51256
51257
51257
51257
51257
51258
51259
51259
51259
51260
51260
51261
51261
51261
51261
51262
51263
51266
51267
51267
51267
51267
51267
51267
51267
51268
51268
51269
51269
51269
51270
51270
51270
51272
51273
51273
51274
51274
51274
51275
51275
51275
51276
51277
51277
51277
51278
51278
51280
51280
51280
51280
51280
51281
51281
51282
51283
51285
51285
51285
51285
51285
51286
51286
51287
51288
51290
51290
51290
51292
51292
51293
51294
51295
51295
51296
51296
51298
51298
51299
51299
51300
51300
51301
51302
51303
51304
51305
51305
51305
51305
51306
51306
51307
51307
51307
51308
51309
51309
51310
51310
51311
51311
51312
51313
51315
51315
51315
51315
51317
51321
51321
51322
51323
51323
51323
51324
51324
51324
51324
51325
51326
51326
51326
51327
51327
51328
51329
51329
51330
51330
51330
51332
51332
51332
51334
51334
51335
51335
51336
51336
51337
51338
51338
51338
51339
51339
51340
51342
51342
51342
51343
51343
51343
51343
51345
51345
51347
51347
51347
51348
51348
51348
51350
51350
51351
51351
51352
51352
51353
51354
51355
51355
51355
51356
51356
51357
51357
51358
51358
51358
51359
51359
51359
51361
51361
51362
51362
51362
51362
51362
51364
51364
51364
51364
51365
51365
51367
51367
51369
51369
51370
51370
51370
51370
51371
51372
51372
51373
51375
51376
51377
51377
51378
51378
51379
51380
51380
51381
51384
51385
51385
51387
51387
51388
51388
51389
51390
51393
51393
51393
51395
51396
51397
51397
51397
51399
51399
51399
51402
51402
51404
51406
51407
51407
51407
51409
51409
51409
51409
51411
51412
51412
51412
51412
51412
51413
51413
51413
51413
51413
51414
51417
51417
51417
51417
51417
51419
51419
51420
51420
51422
51423
51423
51425
51426
51427
51428
51428
51428
51428
51429
51429
51429
51429
51430
51430
51430
51431
51431
51431
51432
51434
51434
51435
51436
51437
51438
51439
51439
51441
51442
51444
51444
51449
51450
51451
51451
51452
51452
51454
51454
51455
51455
51455
51455
51455
51455
51455
51457
51457
51457
51458
51458
51458
51458
51459
51459
51460
51460
51460
51461
51461
51462
51462
51463
51463
51463
51463
51463
51463
51464
51464
51466
51468
51470
51470
51470
51470
51470
51471
51471
51472
51472
51472
51473
51474
51474
51474
51474
51475
51476
51476
51478
51478
51479
51479
51480
51482
51483
51484
51486
51487
51488
51489
51490
51491
51491
51491
51491
51492
51493
51494
51494
51494
51494
51495
51499
51499
51501
51502
51503
51503
51503
51504
51504
51504
51504
51504
51506
51507
51508
51508
51508
51510
51511
51511
51511
51511
51511
51513
51513
51513
51514
51515
51516
51516
51518
51518
51519
51520
51523
51523
51524
51524
51524
51525
51525
51526
51526
51528
51528
51529
51531
51531
51531
51531
51531
51533
51533
51534
51535
51535
51535
51536
51536
51536
51536
51536
51537
51538
51539
51540
51541
51541
51541
51543
51543
51544
51544
51545
51545
51546
51546
51547
51549
51549
51551
51552
51552
51552
51554
51554
51556
51557
51557
51557
51560
51560
51560
51560
51561
51564
51565
51565
51566
51567
51567
51567
51567
51570
51571
51571
51572
51573
51573
51576
51577
51578
51578
51580
51581
51583
51586
51586
51586
51587
51588
51588
51588
51589
51589
51589
51591
51591
51591
51594
51594
51594
51596
51596
51599
51599
51599
51599
51600
51600
51600
51604
51604
51605
51606
51607
51608
51610
51611
51611
51612
51612
51613
51613
51614
51614
51614
51615
51615
51618
51620
51620
51620
51620
51621
51623
51624
51624
51626
51626
51627
51629
51629
51633
51633
51633
51634
51636
51636
51637
51638
51638
51640
51642
51645
51645
51645
51645
51646
51646
51647
51648
51648
51648
51648
51649
51649
51650
51650
51650
51650
51652
51652
51652
51653
51653
51654
51655
51655
51656
51656
51657
51658
51658
51658
51659
51660
51660
51660
51661
51661
51661
51664
51665
51667
51667
51667
51668
51672
51672
51673
51674
51674
51675
51676
51676
51677
51679
51681
51681
51681
51681
51681
51681
51683
51685
51687
51687
51688
51688
51688
51691
51691
51691
51693
51693
51693
51694
51694
51694
51694
51696
51696
51696
51698
51698
51698
51698
51699
51699
51700
51701
51701
51701
51701
51702
51703
51704
51704
51705
51705
51706
51708
51709
51709
51710
51711
51712
51714
51714
51715
51715
51717
51718
51718
51718
51719
51722
51722
51722
51722
51723
51726
51726
51726
51727
51728
51729
51729
51730
51731
51731
51732
51732
51733
51733
51734
51737
51738
51738
51740
51740
51740
51742
51742
51742
51742
51742
51742
51742
51742
51742
51744
51744
51745
51747
51747
51747
51747
51748
51748
51748
51749
51749
51750
51750
51751
51754
51754
51754
51754
51755
51755
51756
51757
51758
51759
51759
51759
51760
51760
51760
51763
51764
51764
51765
51765
51765
51765
51766
51766
51766
51767
51767
51767
51767
51769
51769
51769
51770
51771
51772
51772
51774
51775
51775
51775
51777
51777
51777
51777
51778
51779
51780
51782
51782
51784
51786
51786
51786
51788
51788
51789
51790
51790
51791
51791
51792
51792
51792
51792
51794
51794
51794
51795
51795
51796
51796
51796
51797
51797
51797
51799
51799
51799
51799
51800
51800
51800
51800
51801
51802
51803
51803
51806
51809
51810
51810
51812
51812
51812
51814
51814
51817
51819
51819
51819
51820
51820
51822
51824
51825
51827
51829
51830
51830
51832
51832
51834
51834
51836
51839
51840
51841
51841
51842
51843
51844
51845
51845
51846
51850
51850
51851
51853
51853
51855
51855
51857
51857
51858
51858
51859
51860
51861
51864
51864
51865
51867
51867
51868
51869
51870
51871
51873
51873
51873
51874
51875
51876
51876
51876
51877
51877
51878
51879
51880
51882
51882
51885
51885
51886
51886
51888
51888
51889
51889
51889
51891
51891
51891
51891
51892
51894
51896
51896
51897
51899
51902
51904
51907
51908
51911
51911
51911
51911
51912
51912
51913
51913
51914
51915
51917
51917
51921
51921
51923
51923
51923
51925
51926
51927
51929
51929
51930
51931
51931
51933
51933
51933
51933
51933
51934
51934
51934
51936
51939
51939
51940
51941
51941
51942
51946
51948
51950
51951
51951
51952
51953
51953
51954
51954
51955
51955
51958
51959
51960
51961
51961
51964
51964
51964
51966
51967
51967
51970
51970
51970
51971
51973
51973
51974
51974
51975
51977
51977
51980
51980
51980
51981
51985
51985
51986
51988
51989
51989
51990
51992
51992
51992
51993
51994
51996
51997
51997
51997
51999
51999
51999
52000
52002
52003
52004
52004
52004
52005
52006
52006
52008
52008
52009
52009
52010
52011
52011
52013
52013
52014
52014
52014
52015
52016
52016
52016
52016
52017
52017
52017
52018
52019
52020
52021
52021
52021
52023
52024
52025
52026
52026
52026
52029
52029
52029
52030
52030
52030
52031
52032
52033
52036
52037
52038
52038
52039
52039
52040
52040
52041
52041
52041
52043
52047
52048
52049
52050
52050
52050
52051
52055
52057
52058
52058
52058
52059
52060
52060
52060
52060
52060
52062
52063
52063
52063
52064
52065
52065
52065
52065
52066
52067
52068
52069
52069
52070
52070
52070
52070
52073
52074
52075
52077
52079
52079
52079
52081
52082
52083
52084
52085
52087
52087
52087
52088
52089
52090
52091
52092
52093
52094
52097
52098
52100
52100
52102
52105
52106
52106
52106
52106
52107
52107
52109
52111
52111
52112
52112
52115
52116
52118
52118
52119
52120
52120
52120
52122
52125
52125
52126
52129
52129
52130
52131
52136
52137
52137
52137
52138
52139
52139
52139
52141
52141
52141
52141
52143
52153
52153
52155
52156
52156
52156
52158
52158
52164
52168
52168
52170
52172
52174
52175
52175
52177
52177
52178
52180
52181
52182
52182
52183
52184
52184
52185
52186
52188
52189
52190
52191
52191
52192
52193
52193
52193
52196
52196
52200
52202
52203
52204
52204
52204
52207
52207
52207
52208
52208
52210
52211
52213
52214
52214
52214
52215
52218
52219
52219
52219
52219
52220
52221
52223
52224
52224
52225
52226
52227
52227
52227
52229
52229
52229
52229
52232
52233
52234
52235
52237
52238
52242
52242
52242
52246
52250
52251
52251
52252
52252
52253
52255
52255
52257
52258
52260
52261
52261
52263
52263
52263
52265
52267
52267
52268
52268
52268
52269
52273
52274
52276
52276
52276
52277
52281
52281
52283
52283
52283
52284
52287
52289
52289
52289
52289
52289
52290
52291
52292
52293
52293
52297
52297
52298
52300
52301
52303
52303
52303
52303
52304
52304
52306
52308
52308
52308
52309
52311
52311
52311
52314
52317
52318
52319
52322
52323
52323
52324
52325
52325
52325
52327
52329
52330
52330
52334
52336
52338
52338
52339
52340
52341
52341
52341
52342
52342
52345
52346
52347
52347
52349
52350
52350
52352
52353
52354
52357
52357
52357
52359
52360
52364
52364
52366
52366
52367
52368
52369
52378
52378
52379
52383
52385
52385
52388
52388
52391
52392
52392
52394
52395
52398
52398
52398
52401
52403
52403
52404
52405
52408
52409
52411
52412
52413
52414
52414
52414
52415
52418
52421
52421
52421
52424
52425
52428
52430
52431
52432
52432
52432
52433
52435
52435
52440
52442
52442
52445
52448
52450
52451
52453
52455
52455
52456
52458
52458
52458
52459
52459
52460
52460
52462
52462
52464
52465
52466
52469
52470
52471
52471
52472
52476
52478
52478
52480
52480
52485
52485
52486
52487
52487
52487
52489
52490
52491
52491
52492
52495
52496
52498
52501
52501
52502
52503
52504
52506
52506
52508
52512
52514
52514
52515
52516
52516
52518
52519
52519
52521
52522
52523
52523
52525
52526
52527
52528
52529
52530
52530
52532
52532
52532
52532
52532
52533
52536
52540
52541
52541
52544
52544
52544
52545
52545
52545
52546
52546
52548
52549
52552
52553
52558
52561
52563
52563
52563
52567
52568
52569
52569
52573
52574
52575
52575
52576
52577
52580
52584
52584
52587
52588
52588
52591
52595
52597
52597
52598
52598
52598
52602
52604
52604
52607
52607
52609
52610
52611
52611
52615
52615
52616
52618
52624
52625
52625
52626
52627
52627
52630
52631
52635
52635
52635
52636
52636
52636
52640
52641
52641
52644
52646
52646
52649
52649
52649
52650
52651
52653
52655
52655
52655
52656
52657
52661
52662
52662
52664
52666
52667
52668
52668
52669
52674
52675
52676
52676
52677
52678
52682
52683
52685
52686
52687
52687
52690
52693
52693
52693
52694
52694
52697
52699
52701
52702
52707
52709
52711
52712
52712
52715
52716
52721
52722
52724
52726
52727
52727
52730
52731
52732
52735
52741
52743
52745
52745
52746
52746
52747
52748
52750
52750
52754
52754
52755
52757
52761
52763
52765
52770
52774
52775
52776
52776
52777
52778
52779
52780
52780
52781
52787
52789
52789
52792
52792
52794
52794
52794
52796
52796
52796
52797
52798
52799
52801
52806
52811
52812
52814
52815
52816
52818
52820
52820
52822
52823
52823
52824
52825
52829
52831
52839
52840
52842
52842
52843
52843
52846
52848
52848
52850
52852
52853
52854
52856
52863
52866
52866
52871
52872
52873
52873
52874
52874
52879
52880
52880
52881
52883
52883
52883
52885
52888
52888
52893
52896
52897
52901
52903
52905
52906
52906
52907
52909
52911
52915
52917
52918
52922
52924
52925
52928
52930
52930
52936
52939
52939
52949
52951
52953
52953
52956
52956
52956
52964
52964
52968
52970
52970
52970
52975
52975
52978
52979
52981
52982
52986
52989
52990
52990
52994
52995
53000
53000
53000
53003
53004
53007
53008
53012
53018
53021
53021
53030
53032
53034
53037
53038
53040
53040
53041
53041
53042
53045
53045
53047
53048
53050
53051
53055
53055
53055
53057
53060
53060
53064
53066
53069
53071
53074
53080
53081
53083
53091
53092
53093
53095
53100
53106
53108
53110
53110
53111
53116
53122
53132
53138
53143
53144
53145
53145
53147
53147
53149
53153
53156
53157
53163
53164
53164
53166
53168
53171
53171
53173
53175
53178
53181
53181
53186
53187
53195
53198
53200
53204
53208
53212
53216
53223
53224
53231
53236
53237
53241
53249
53255
53255
53255
53259
53260
53265
53266
53266
53268
53271
53274
53274
53281
53281
53281
53282
53286
53287
53289
53293
53296
53297
53301
53305
53307
53308
53308
53311
53312
53321
53323
53325
53327
53329
53330
53335
53335
53337
53341
53343
53343
53348
53353
53361
53364
53368
53368
53371
53384
53391
53393
53394
53395
53402
53404
53409
53418
53423
53431
53433
53439
53445
53445
53451
53460
53463
53463
53466
53469
53471
53471
53473
53475
53477
53495
53496
53502
53503
53506
53507
53509
53510
53511
53517
53542
53544
53547
53557
53557
53559
53565
53569
53569
53573
53588
53590
53591
53592
53600
53605
53607
53610
53612
53614
53614
53628
53633
53648
53650
53658
53659
53662
53662
53669
53670
53679
53682
53688
53689
53697
53703
53709
53713
53715
53715
53716
53726
53730
53743
53751
53752
53755
53755
53758
53767
53772
53773
53781
53798
53799
53799
53800
53804
53808
53809
53812
53827
53828
53831
53841
53844
53852
53854
53854
53864
53865
53874
53876
53881
53894
53897
53902
53906
53910
53916
53941
53943
53955
53961
53963
53966
53982
53998
54011
54014
54017
54021
54024
54034
54049
54058
54066
54088
54088
54092
54096
54108
54110
54137
54169
54177
54189
54195
54202
54229
54246
54270
54287
54292
54335
54358
54360
54372
54381
54382
54414
54416
54434
54436
54479
54483
54511
54531
54549
54567
54611
54625
54669
54719
54721
54763
54785
54803
54881
54891
54901
55039
55115
55319
55356
55461
55615
55660
55865
56164


##################################################
# Source: simulated with size = 50000
# Parameters: M=1..1000 ; S=10000
############################################################
# M | Exact N | Avg over S estimates with M hashes each time
############################################################
2  50000  49346
3  50000  49937
4  50000  50204
5  50000  49997
6  50000  49980
7  50000  49972
8  50000  50046
9  50000  50013
10  50000  50124
11  50000  50057
12  50000  50138
13  50000  50260
14  50000  50264
15  50000  50247
16  50000  50171
17  50000  50187
18  50000  50197
19  50000  50230
20  50000  50182
21  50000  50177
22  50000  50141
23  50000  50150
24  50000  50105
25  50000  50079
26  50000  50070
27  50000  50037
28  50000  50054
29  50000  50057
30  50000  50046
31  50000  50029
32  50000  50040
33  50000  50039
34  50000  50039
35  50000  50025
36  50000  50007
37  50000  50007
38  50000  50012
39  50000  49996
40  50000  50006
41  50000  49991
42  50000  49990
43  50000  49980
44  50000  49991
45  50000  50003
46  50000  50008
47  50000  50003
48  50000  49992
49  50000  49996
50  50000  50010
51  50000  50002
52  50000  49990
53  50000  49988
54  50000  49993
55  50000  50003
56  50000  50012
57  50000  49989
58  50000  49991
59  50000  49983
60  50000  49983
61  50000  50004
62  50000  50003
63  50000  50001
64  50000  50013
65  50000  50015
66  50000  50003
67  50000  50000
68  50000  49995
69  50000  49999
70  50000  49982
71  50000  49983
72  50000  50000
73  50000  50002
74  50000  50005
75  50000  50012
76  50000  50009
77  50000  50014
78  50000  50003
79  50000  50008
80  50000  50001
81  50000  50006
82  50000  50003
83  50000  50002
84  50000  50005
85  50000  50005
86  50000  50007
87  50000  50005
88  50000  50001
89  50000  50006
90  50000  50004
91  50000  49997
92  50000  49995
93  50000  49992
94  50000  49998
95  50000  50007
96  50000  50010
97  50000  50015
98  50000  50011
99  50000  50009
100  50000  50017
101  50000  50017
102  50000  50016
103  50000  50018
104  50000  50019
105  50000  50024
106  50000  50034
107  50000  50033
108  50000  50032
109  50000  50034
110  50000  50037
111  50000  50032
112  50000  50032
113  50000  50025
114  50000  50024
115  50000  50017
116  50000  50012
117  50000  50021
118  50000  50016
119  50000  50007
120  50000  50004
121  50000  50005
122  50000  50004
123  50000  50000
124  50000  50000
125  50000  50005
126  50000  50006
127  50000  50007
128  50000  50006
129  50000  50009
130  50000  50011
131  50000  50013
132  50000  50010
133  50000  50006
134  50000  49997
135  50000  49997
136  50000  50004
137  50000  50003
138  50000  49999
139  50000  49999
140  50000  49994
141  50000  49998
142  50000  50005
143  50000  50001
144  50000  49998
145  50000  49999
146  50000  49997
147  50000  49992
148  50000  49989
149  50000  49987
150  50000  49990
151  50000  49988
152  50000  49986
153  50000  49988
154  50000  49990
155  50000  49997
156  50000  49993
157  50000  49994
158  50000  49993
159  50000  49992
160  50000  49991
161  50000  49992
162  50000  49995
163  50000  49997
164  50000  49995
165  50000  49992
166  50000  49992
167  50000  49987
168  50000  49996
169  50000  49994
170  50000  49993
171  50000  49997
172  50000  49999
173  50000  50004
174  50000  50004
175  50000  50007
176  50000  50006
177  50000  50006
178  50000  50005
179  50000  50001
180  50000  49996
181  50000  49998
182  50000  49997
183  50000  49992
184  50000  49993
185  50000  49995
186  50000  49995
187  50000  49997
188  50000  49992
189  50000  49992
190  50000  49996
191  50000  50000
192  50000  49996
193  50000  49998
194  50000  50000
195  50000  50000
196  50000  50003
197  50000  50001
198  50000  49999
199  50000  50000
200  50000  50001
201  50000  50000
202  50000  49996
203  50000  49998
204  50000  49992
205  50000  49992
206  50000  49993
207  50000  49990
208  50000  49989
209  50000  49989
210  50000  49991
211  50000  49992
212  50000  49994
213  50000  49995
214  50000  49997
215  50000  49995
216  50000  49995
217  50000  49991
218  50000  49990
219  50000  49989
220  50000  49983
221  50000  49981
222  50000  49979
223  50000  49976
224  50000  49976
225  50000  49975
226  50000  49975
227  50000  49974
228  50000  49975
229  50000  49975
230  50000  49976
231  50000  49977
232  50000  49978
233  50000  49979
234  50000  49979
235  50000  49981
236  50000  49980
237  50000  49978
238  50000  49977
239  50000  49974
240  50000  49974
241  50000  49977
242  50000  49980
243  50000  49978
244  50000  49972
245  50000  49974
246  50000  49975
247  50000  49977
248  50000  49982
249  50000  49982
250  50000  49985
251  50000  49986
252  50000  49986
253  50000  49989
254  50000  49992
255  50000  49997
256  50000  49996
257  50000  49991
258  50000  49988
259  50000  49987
260  50000  49989
261  50000  49989
262  50000  49988
263  50000  49988
264  50000  49984
265  50000  49984
266  50000  49985
267  50000  49984
268  50000  49988
269  50000  49991
270  50000  49992
271  50000  49993
272  50000  49990
273  50000  49990
274  50000  49991
275  50000  49992
276  50000  49992
277  50000  49991
278  50000  49990
279  50000  49990
280  50000  49990
281  50000  49991
282  50000  49991
283  50000  49996
284  50000  49995
285  50000  49994
286  50000  49991
287  50000  49990
288  50000  49989
289  50000  49991
290  50000  49990
291  50000  49988
292  50000  49988
293  50000  49990
294  50000  49989
295  50000  49987
296  50000  49986
297  50000  49985
298  50000  49989
299  50000  49991
300  50000  49990
301  50000  49994
302  50000  49996
303  50000  49995
304  50000  49990
305  50000  49992
306  50000  49995
307  50000  49994
308  50000  49996
309  50000  49992
310  50000  49992
311  50000  49994
312  50000  49993
313  50000  49992
314  50000  49989
315  50000  49986
316  50000  49986
317  50000  49985
318  50000  49985
319  50000  49985
320  50000  49984
321  50000  49983
322  50000  49983
323  50000  49982
324  50000  49980
325  50000  49979
326  50000  49979
327  50000  49981
328  50000  49978
329  50000  49979
330  50000  49977
331  50000  49975
332  50000  49975
333  50000  49977
334  50000  49979
335  50000  49978
336  50000  49979
337  50000  49979
338  50000  49978
339  50000  49978
340  50000  49979
341  50000  49980
342  50000  49978
343  50000  49979
344  50000  49979
345  50000  49977
346  50000  49975
347  50000  49976
348  50000  49976
349  50000  49977
350  50000  49978
351  50000  49976
352  50000  49978
353  50000  49977
354  50000  49975
355  50000  49974
356  50000  49976
357  50000  49976
358  50000  49975
359  50000  49976
360  50000  49977
361  50000  49976
362  50000  49978
363  50000  49980
364  50000  49983
365  50000  49981
366  50000  49982
367  50000  49982
368  50000  49979
369  50000  49979
370  50000  49980
371  50000  49978
372  50000  49978
373  50000  49977
374  50000  49978
375  50000  49980
376  50000  49980
377  50000  49980
378  50000  49981
379  50000  49983
380  50000  49983
381  50000  49985
382  50000  49986
383  50000  49987
384  50000  49986
385  50000  49988
386  50000  49989
387  50000  49991
388  50000  49990
389  50000  49992
390  50000  49992
391  50000  49990
392  50000  49989
393  50000  49988
394  50000  49986
395  50000  49985
396  50000  49985
397  50000  49983
398  50000  49985
399  50000  49986
400  50000  49987
401  50000  49989
402  50000  49987
403  50000  49987
404  50000  49985
405  50000  49984
406  50000  49984
407  50000  49987
408  50000  49987
409  50000  49986
410  50000  49986
411  50000  49986
412  50000  49985
413  50000  49985
414  50000  49985
415  50000  49984
416  50000  49985
417  50000  49984
418  50000  49984
419  50000  49984
420  50000  49983
421  50000  49985
422  50000  49987
423  50000  49986
424  50000  49986
425  50000  49985
426  50000  49983
427  50000  49985
428  50000  49985
429  50000  49984
430  50000  49986
431  50000  49985
432  50000  49984
433  50000  49984
434  50000  49984
435  50000  49986
436  50000  49985
437  50000  49984
438  50000  49984
439  50000  49985
440  50000  49986
441  50000  49986
442  50000  49988
443  50000  49988
444  50000  49987
445  50000  49987
446  50000  49985
447  50000  49986
448  50000  49985
449  50000  49988
450  50000  49986
451  50000  49986
452  50000  49985
453  50000  49984
454  50000  49984
455  50000  49984
456  50000  49984
457  50000  49985
458  50000  49986
459  50000  49986
460  50000  49985
461  50000  49983
462  50000  49983
463  50000  49984
464  50000  49984
465  50000  49983
466  50000  49982
467  50000  49982
468  50000  49982
469  50000  49981
470  50000  49980
471  50000  49980
472  50000  49980
473  50000  49979
474  50000  49980
475  50000  49980
476  50000  49983
477  50000  49983
478  50000  49983
479  50000  49981
480  50000  49983
481  50000  49983
482  50000  49982
483  50000  49983
484  50000  49984
485  50000  49985
486  50000  49987
487  50000  49987
488  50000  49986
489  50000  49986
490  50000  49984
491  50000  49985
492  50000  49984
493  50000  49984
494  50000  49983
495  50000  49984
496  50000  49984
497  50000  49982
498  50000  49981
499  50000  49982
500  50000  49981
501  50000  49981
502  50000  49980
503  50000  49981
504  50000  49982
505  50000  49981
506  50000  49982
507  50000  49982
508  50000  49983
509  50000  49983
510  50000  49983
511  50000  49981
512  50000  49981
513  50000  49982
514  50000  49982
515  50000  49983
516  50000  49984
517  50000  49984
518  50000  49985
519  50000  49985
520  50000  49983
521  50000  49983
522  50000  49985
523  50000  49985
524  50000  49984
525  50000  49983
526  50000  49983
527  50000  49984
528  50000  49984
529  50000  49984
530  50000  49984
531  50000  49984
532  50000  49984
533  50000  49985
534  50000  49986
535  50000  49985
536  50000  49984
537  50000  49985
538  50000  49985
539  50000  49986
540  50000  49985
541  50000  49985
542  50000  49987
543  50000  49988
544  50000  49988
545  50000  49988
546  50000  49988
547  50000  49987
548  50000  49989
549  50000  49988
550  50000  49989
551  50000  49989
552  50000  49988
553  50000  49989
554  50000  49989
555  50000  49988
556  50000  49987
557  50000  49986
558  50000  49985
559  50000  49986
560  50000  49985
561  50000  49984
562  50000  49984
563  50000  49985
564  50000  49986
565  50000  49986
566  50000  49986
567  50000  49985
568  50000  49985
569  50000  49982
570  50000  49981
571  50000  49980
572  50000  49982
573  50000  49981
574  50000  49982
575  50000  49981
576  50000  49983
577  50000  49982
578  50000  49980
579  50000  49980
580  50000  49981
581  50000  49981
582  50000  49980
583  50000  49982
584  50000  49982
585  50000  49982
586  50000  49983
587  50000  49983
588  50000  49982
589  50000  49983
590  50000  49984
591  50000  49985
592  50000  49984
593  50000  49983
594  50000  49983
595  50000  49981
596  50000  49981
597  50000  49981
598  50000  49981
599  50000  49981
600  50000  49982
601  50000  49983
602  50000  49983
603  50000  49982
604  50000  49981
605  50000  49982
606  50000  49981
607  50000  49979
608  50000  49979
609  50000  49979
610  50000  49980
611  50000  49980
612  50000  49980
613  50000  49979
614  50000  49980
615  50000  49980
616  50000  49979
617  50000  49979
618  50000  49980
619  50000  49982
620  50000  49982
621  50000  49981
622  50000  49982
623  50000  49982
624  50000  49983
625  50000  49983
626  50000  49982
627  50000  49980
628  50000  49980
629  50000  49980
630  50000  49980
631  50000  49980
632  50000  49980
633  50000  49980
634  50000  49981
635  50000  49980
636  50000  49981
637  50000  49982
638  50000  49982
639  50000  49982
640  50000  49982
641  50000  49981
642  50000  49982
643  50000  49983
644  50000  49982
645  50000  49982
646  50000  49983
647  50000  49984
648  50000  49985
649  50000  49986
650  50000  49986
651  50000  49987
652  50000  49986
653  50000  49985
654  50000  49986
655  50000  49986
656  50000  49986
657  50000  49986
658  50000  49985
659  50000  49984
660  50000  49983
661  50000  49985
662  50000  49983
663  50000  49983
664  50000  49984
665  50000  49984
666  50000  49983
667  50000  49983
668  50000  49983
669  50000  49982
670  50000  49983
671  50000  49984
672  50000  49985
673  50000  49985
674  50000  49986
675  50000  49986
676  50000  49985
677  50000  49984
678  50000  49985
679  50000  49983
680  50000  49984
681  50000  49983
682  50000  49983
683  50000  49982
684  50000  49981
685  50000  49981
686  50000  49981
687  50000  49980
688  50000  49979
689  50000  49979
690  50000  49979
691  50000  49980
692  50000  49980
693  50000  49979
694  50000  49979
695  50000  49979
696  50000  49980
697  50000  49979
698  50000  49978
699  50000  49978
700  50000  49977
701  50000  49977
702  50000  49978
703  50000  49978
704  50000  49977
705  50000  49978
706  50000  49979
707  50000  49978
708  50000  49979
709  50000  49978
710  50000  49978
711  50000  49979
712  50000  49979
713  50000  49978
714  50000  49978
715  50000  49978
716  50000  49978
717  50000  49980
718  50000  49979
719  50000  49979
720  50000  49980
721  50000  49980
722  50000  49980
723  50000  49980
724  50000  49980
725  50000  49980
726  50000  49980
727  50000  49978
728  50000  49978
729  50000  49978
730  50000  49978
731  50000  49978
732  50000  49978
733  50000  49978
734  50000  49978
735  50000  49978
736  50000  49978
737  50000  49978
738  50000  49978
739  50000  49979
740  50000  49978
741  50000  49978
742  50000  49978
743  50000  49977
744  50000  49977
745  50000  49978
746  50000  49978
747  50000  49980
748  50000  49979
749  50000  49980
750  50000  49980
751  50000  49980
752  50000  49980
753  50000  49980
754  50000  49980
755  50000  49980
756  50000  49980
757  50000  49981
758  50000  49979
759  50000  49980
760  50000  49980
761  50000  49979
762  50000  49979
763  50000  49979
764  50000  49978
765  50000  49978
766  50000  49978
767  50000  49978
768  50000  49978
769  50000  49976
770  50000  49976
771  50000  49976
772  50000  49975
773  50000  49976
774  50000  49976
775  50000  49977
776  50000  49977
777  50000  49977
778  50000  49977
779  50000  49979
780  50000  49978
781  50000  49978
782  50000  49979
783  50000  49979
784  50000  49980
785  50000  49980
786  50000  49980
787  50000  49980
788  50000  49980
789  50000  49980
790  50000  49980
791  50000  49980
792  50000  49979
793  50000  49979
794  50000  49979
795  50000  49979
796  50000  49980
797  50000  49979
798  50000  49978
799  50000  49978
800  50000  49978
801  50000  49978
802  50000  49977
803  50000  49977
804  50000  49978
805  50000  49979
806  50000  49979
807  50000  49981
808  50000  49981
809  50000  49981
810  50000  49981
811  50000  49980
812  50000  49980
813  50000  49980
814  50000  49981
815  50000  49982
816  50000  49982
817  50000  49982
818  50000  49982
819  50000  49982
820  50000  49982
821  50000  49982
822  50000  49982
823  50000  49982
824  50000  49981
825  50000  49981
826  50000  49981
827  50000  49981
828  50000  49981
829  50000  49981
830  50000  49981
831  50000  49982
832  50000  49982
833  50000  49983
834  50000  49982
835  50000  49982
836  50000  49982
837  50000  49982
838  50000  49981
839  50000  49982
840  50000  49981
841  50000  49982
842  50000  49982
843  50000  49982
844  50000  49982
845  50000  49982
846  50000  49982
847  50000  49981
848  50000  49982
849  50000  49982
850  50000  49981
851  50000  49981
852  50000  49982
853  50000  49983
854  50000  49983
855  50000  49982
856  50000  49983
857  50000  49982
858  50000  49982
859  50000  49982
860  50000  49982
861  50000  49981
862  50000  49981
863  50000  49980
864  50000  49980
865  50000  49980
866  50000  49981
867  50000  49980
868  50000  49980
869  50000  49980
870  50000  49981
871  50000  49982
872  50000  49982
873  50000  49981
874  50000  49982
875  50000  49982
876  50000  49982
877  50000  49981
878  50000  49982
879  50000  49982
880  50000  49982
881  50000  49983
882  50000  49982
883  50000  49982
884  50000  49982
885  50000  49982
886  50000  49982
887  50000  49982
888  50000  49983
889  50000  49983
890  50000  49983
891  50000  49983
892  50000  49984
893  50000  49983
894  50000  49984
895  50000  49984
896  50000  49984
897  50000  49984
898  50000  49985
899  50000  49986
900  50000  49986
901  50000  49986
902  50000  49987
903  50000  49987
904  50000  49987
905  50000  49986
906  50000  49985
907  50000  49986
908  50000  49985
909  50000  49985
910  50000  49985
911  50000  49986
912  50000  49987
913  50000  49987
914  50000  49988
915  50000  49988
916  50000  49988
917  50000  49988
918  50000  49989
919  50000  49989
920  50000  49989
921  50000  49989
922  50000  49990
923  50000  49990
924  50000  49990
925  50000  49990
926  50000  49991
927  50000  49990
928  50000  49990
929  50000  49991
930  50000  49991
931  50000  49991
932  50000  49990
933  50000  49990
934  50000  49990
935  50000  49991
936  50000  49991
937  50000  49992
938  50000  49991
939  50000  49990
940  50000  49990
941  50000  49989
942  50000  49988
943  50000  49989
944  50000  49988
945  50000  49988
946  50000  49988
947  50000  49987
948  50000  49987
949  50000  49988
950  50000  49989
951  50000  49988
952  50000  49988
953  50000  49988
954  50000  49987
955  50000  49987
956  50000  49987
957  50000  49987
958  50000  49987
959  50000  49987
960  50000  49987
961  50000  49988
962  50000  49987
963  50000  49988
964  50000  49988
965  50000  49988
966  50000  49988
967  50000  49988
968  50000  49989
969  50000  49989
970  50000  49988
971  50000  49989
972  50000  49990
973  50000  49990
974  50000  49991
975  50000  49990
976  50000  49990
977  50000  49991
978  50000  49992
979  50000  49991
980  50000  49992
981  50000  49992
982  50000  49992
983  50000  49992
984  50000  49992
985  50000  49992
986  50000  49992
987  50000  49992
988  50000  49992
989  50000  49991
990  50000  49992
991  50000  49991
992  50000  49992
993  50000  49993
994  50000  49993
995  50000  49993
996  50000  49993
997  50000  49993
998  50000  49993
999  50000  49994
