1000    601    601 601    571 586 593 597  605 609 618 634    531 678    200 14
1000    701    701 701    666 683 692 697  706 710 720 739    622 791    268 16
1000    801    801 802    761 780 791 796  807 812 823 845    700 901    349 18
1000    901    901 901    856 878 890 896  907 913 925 950    808 1004    438 20
1000    1001    1001 1001    951 975 988 995  1008 1014 1028 1054    892 1126    530 23
1000    1101    1101 1101    1046 1072 1087 1094  1108 1115 1131 1159    968 1229    633 25
1000    1201    1201 1201    1141 1169 1185 1193  1208 1217 1233 1264    1064 1364    747 27
1000    1301    1301 1300    1236 1267 1284 1292  1308 1317 1336 1370    1156 1459    870 29
1000    1401    1401 1400    1331 1364 1382 1391  1409 1419 1438 1476    1245 1588    1003 31
1000    1501    1500 1500    1425 1461 1481 1490  1509 1519 1540 1581    1338 1692    1181 34
1000    1601    1600 1599    1520 1559 1579 1590  1610 1621 1642 1685    1433 1792    1345 36
1000    1701    1700 1700    1615 1655 1678 1689  1710 1722 1746 1790    1505 1888    1503 38
1000    1801    1800 1800    1710 1752 1777 1789  1811 1823 1848 1896    1599 2001    1681 41
1000    1901    1900 1900    1804 1850 1875 1888  1912 1924 1951 2000    1666 2150    1869 43
1000    2001    2001 2000    1900 1948 1974 1988  2013 2026 2053 2106    1762 2251    2033 45
1000    2101    2101 2101    1995 2045 2074 2087  2113 2127 2156 2211    1856 2371    2267 47
1000    2201    2201 2200    2090 2142 2171 2185  2214 2228 2260 2318    1943 2464    2491 49
1000    2301    2301 2299    2184 2240 2269 2284  2314 2329 2362 2425    2018 2570    2781 52
1000    2401    2401 2399    2280 2337 2368 2384  2415 2431 2465 2529    2106 2737    3017 54
1000    2501    2501 2499    2373 2434 2466 2482  2515 2532 2567 2634    2180 2877    3268 57
1000    2601    2601 2600    2468 2533 2565 2583  2615 2632 2671 2739    2269 2962    3528 59
1000    2701    2701 2700    2563 2629 2664 2681  2717 2735 2773 2844    2362 3074    3853 62
1000    2801    2801 2799    2660 2727 2763 2781  2818 2836 2876 2951    2449 3161    4116 64
1000    2901    2901 2900    2754 2823 2862 2881  2918 2937 2979 3057    2571 3293    4446 66
1000    3001    3001 2999    2848 2921 2961 2981  3018 3039 3081 3161    2657 3400    4726 68
1000    3101    3101 3099    2941 3018 3058 3080  3119 3140 3184 3265    2767 3526    5055 71
1000    3201    3201 3200    3037 3116 3157 3179  3220 3241 3286 3371    2875 3659    5398 73
1000    3301    3301 3300    3132 3214 3256 3279  3321 3342 3388 3477    2936 3757    5667 75
1000    3401    3401 3400    3226 3310 3355 3378  3422 3444 3491 3582    3039 3900    6014 77
1000    3501    3501 3500    3322 3407 3454 3477  3522 3544 3594 3689    3132 4033    6404 80
1000    3601    3601 3599    3418 3504 3552 3576  3622 3645 3697 3796    3230 4130    6868 82
1000    3701    3701 3699    3511 3603 3651 3676  3722 3747 3800 3901    3315 4261    7219 84
1000    3801    3801 3799    3606 3701 3750 3773  3823 3849 3902 4004    3403 4395    7636 87
1000    3901    3901 3899    3702 3798 3848 3874  3924 3951 4004 4112    3479 4434    8009 89
1000    4001    4001 3999    3798 3895 3948 3974  4024 4053 4109 4215    3585 4478    8481 92
1000    4101    4102 4100    3890 3995 4046 4073  4126 4154 4209 4320    3654 4581    8752 93
1000    4201    4201 4199    3985 4090 4146 4173  4226 4254 4312 4427    3722 4711    9317 96
1000    4301    4302 4299    4082 4188 4244 4272  4327 4357 4416 4529    3811 4827    9697 98
1000    4401    4402 4399    4177 4284 4345 4372  4426 4457 4519 4639    3897 4914    10146 100
1000    4501    4502 4498    4273 4382 4442 4470  4527 4558 4621 4741    4004 5047    10556 102
1000    4601    4602 4599    4367 4480 4540 4570  4627 4660 4724 4846    4106 5146    10997 104
1000    4701    4701 4698    4463 4575 4637 4669  4729 4761 4825 4952    4175 5308    11601 107
1000    4801    4802 4799    4558 4673 4735 4767  4829 4861 4930 5057    4234 5419    12025 109
1000    4901    4901 4898    4654 4770 4833 4867  4928 4962 5033 5164    4356 5508    12715 112
1000    5001    5002 4998    4746 4867 4933 4966  5031 5065 5135 5267    4477 5649    13116 114
1000    5101    5102 5099    4844 4963 5032 5064  5131 5165 5238 5374    4554 5750    13684 116
1000    5201    5202 5198    4941 5062 5129 5164  5231 5267 5340 5478    4622 5827    14228 119
1000    5301    5302 5299    5038 5158 5228 5264  5332 5369 5445 5584    4716 5941    14857 121
1000    5401    5402 5397    5131 5256 5326 5362  5432 5469 5547 5689    4823 6068    15380 124
1000    5501    5501 5496    5226 5352 5424 5462  5532 5571 5649 5794    4879 6184    16090 126
1000    5601    5601 5597    5324 5448 5523 5561  5634 5673 5752 5899    4938 6264    16639 128
1000    5701    5702 5697    5417 5548 5622 5659  5736 5776 5854 6003    5065 6393    16903 130
1000    5801    5801 5797    5510 5645 5720 5758  5835 5874 5955 6109    5122 6542    17522 132
1000    5901    5901 5896    5602 5743 5820 5858  5937 5976 6058 6212    5195 6622    18159 134
1000    6001    6001 5996    5696 5840 5918 5957  6035 6075 6161 6320    5246 6816    18736 136
1000    6101    6101 6098    5790 5940 6018 6057  6135 6178 6263 6425    5305 6930    19359 139
1000    6201    6200 6196    5884 6034 6118 6156  6236 6279 6365 6533    5452 6986    20071 141
1000    6301    6300 6295    5981 6133 6213 6254  6336 6378 6470 6633    5556 7102    20687 143
1000    6401    6400 6394    6073 6229 6314 6356  6436 6481 6572 6736    5650 7237    21279 145
1000    6501    6500 6494    6170 6328 6413 6456  6537 6580 6673 6844    5722 7316    21861 147
1000    6601    6600 6596    6266 6425 6512 6553  6636 6682 6775 6953    5821 7403    22472 149
1000    6701    6700 6695    6360 6522 6610 6653  6737 6783 6880 7057    5891 7488    23223 152
1000    6801    6800 6795    6457 6620 6708 6751  6837 6882 6981 7163    5930 7585    23962 154
1000    6901    6900 6893    6552 6718 6805 6852  6938 6985 7085 7270    6053 7750    24607 156
1000    7001    7000 6993    6649 6814 6905 6950  7040 7086 7186 7379    6119 7842    25375 159
1000    7101    7099 7093    6741 6913 7004 7046  7139 7187 7288 7484    6190 7970    26412 162
1000    7201    7199 7193    6831 7008 7101 7146  7238 7289 7389 7586    6303 8123    27101 164
1000    7301    7299 7291    6933 7103 7200 7247  7341 7389 7495 7693    6426 8236    28183 167
1000    7401    7400 7393    7030 7202 7296 7345  7443 7490 7597 7802    6505 8341    28818 169
1000    7501    7500 7495    7124 7299 7395 7446  7542 7592 7701 7908    6544 8548    29512 171
1000    7601    7600 7595    7218 7399 7495 7545  7642 7694 7800 8008    6667 8709    30195 173
1000    7701    7700 7691    7313 7495 7594 7647  7744 7797 7905 8110    6753 8755    30943 175
1000    7801    7799 7792    7411 7590 7694 7745  7842 7895 8008 8213    6801 8872    31732 178
1000    7901    7900 7893    7503 7687 7793 7843  7943 7998 8109 8320    6880 8974    32370 179
1000    8001    8000 7992    7596 7784 7890 7942  8044 8100 8212 8426    6958 9078    33393 182
1000    8101    8100 8092    7693 7882 7990 8041  8146 8199 8316 8535    7024 9180    34341 185
1000    8201    8201 8194    7787 7979 8085 8142  8247 8301 8420 8645    7109 9276    35218 187
1000    8301    8300 8294    7887 8081 8185 8239  8346 8401 8523 8748    7220 9372    36140 190
1000    8401    8400 8392    7985 8177 8283 8337  8444 8502 8624 8850    7302 9483    36896 192
1000    8501    8500 8491    8075 8276 8382 8438  8545 8607 8725 8960    7416 9582    37841 194
1000    8601    8600 8591    8166 8371 8482 8535  8649 8706 8830 9063    7471 9697    38648 196
1000    8701    8700 8691    8264 8469 8580 8635  8749 8806 8930 9166    7569 9834    39538 198
1000    8801    8800 8791    8358 8565 8678 8734  8848 8908 9036 9270    7708 9935    40564 201
1000    8901    8900 8891    8457 8664 8778 8833  8948 9010 9138 9381    7753 10069    41362 203
1000    9001    9000 8990    8547 8763 8876 8933  9049 9111 9243 9483    7890 10100    42428 205
1000    9101    9100 9089    8643 8861 8974 9031  9153 9214 9345 9590    8036 10203    43384 208
1000    9201    9201 9188    8735 8959 9074 9131  9252 9315 9448 9696    8126 10298    44093 209
1000    9301    9301 9291    8827 9054 9171 9229  9355 9418 9549 9804    8246 10415    45221 212
1000    9401    9401 9393    8924 9148 9273 9331  9455 9519 9650 9909    8327 10556    46217 214
1000    9501    9500 9490    9016 9245 9367 9430  9556 9620 9753 10010    8381 10704    47352 217
1000    9601    9601 9593    9117 9343 9467 9530  9658 9723 9856 10118    8490 10810    48359 219
1000    9701    9701 9692    9211 9440 9565 9630  9755 9824 9961 10223    8612 10941    49472 222
1000    9801    9801 9791    9307 9537 9665 9730  9856 9925 10063 10328    8666 11052    50309 224
1000    9901    9900 9890    9399 9633 9763 9825  9958 10029 10166 10428    8823 11116    51402 226
1000    10001    9999 9991    9494 9729 9862 9923  10057 10124 10264 10540    8872 11154    52395 228
1000    10101    10099 10090    9584 9825 9961 10028  10157 10226 10367 10640    8926 11210    53400 231
1000    10201    10200 10190    9677 9925 10063 10127  10254 10327 10468 10751    9042 11343    54264 232
1000    10301    10300 10292    9774 10019 10161 10226  10358 10426 10575 10859    9128 11454    55371 235
1000    10401    10400 10393    9868 10123 10261 10327  10459 10527 10680 10962    9183 11598    56560 237
1000    10501    10501 10497    9960 10218 10360 10426  10559 10633 10782 11068    9292 11718    57518 239
1000    10601    10601 10594    10059 10311 10459 10526  10660 10733 10887 11174    9356 11785    58612 242
1000    10701    10700 10695    10156 10410 10556 10623  10760 10835 10988 11277    9471 11950    59966 244
1000    10801    10800 10794    10250 10509 10651 10722  10861 10937 11091 11382    9595 12035    61329 247
1000    10901    10901 10893    10342 10606 10752 10822  10963 11036 11193 11490    9642 12286    62416 249
1000    11001    11001 10993    10439 10702 10852 10925  11065 11142 11299 11595    9692 12425    63526 252
1000    11101    11101 11093    10530 10801 10952 11025  11163 11241 11401 11699    9754 12653    65074 255
1000    11201    11201 11192    10622 10897 11049 11124  11263 11345 11500 11801    9839 12758    66565 258
1000    11301    11301 11292    10719 10990 11147 11222  11367 11446 11601 11911    9866 12856    67849 260
1000    11401    11400 11390    10812 11088 11245 11320  11467 11545 11705 12014    10042 12956    69096 262
1000    11501    11499 11491    10905 11184 11340 11419  11567 11644 11804 12115    10174 13052    70290 265
1000    11601    11598 11589    10999 11282 11441 11512  11667 11745 11908 12220    10296 13115    71606 267
1000    11701    11698 11690    11096 11379 11537 11612  11766 11845 12013 12332    10382 13187    72917 270
1000    11801    11798 11789    11188 11474 11637 11713  11868 11947 12115 12433    10407 13316    74216 272
1000    11901    11897 11891    11285 11572 11736 11813  11966 12047 12220 12541    10476 13438    75588 274
1000    12001    11997 11990    11382 11670 11832 11912  12070 12150 12322 12651    10594 13548    76808 277
1000    12101    12097 12090    11479 11764 11932 12010  12169 12251 12427 12746    10708 13580    77901 279
1000    12201    12197 12191    11573 11864 12028 12110  12269 12355 12527 12851    10835 13676    79485 281
1000    12301    12298 12291    11670 11961 12129 12209  12371 12456 12630 12961    10971 13799    80396 283
1000    12401    12398 12389    11767 12058 12229 12310  12471 12556 12733 13066    11012 13997    81902 286
1000    12501    12498 12490    11863 12154 12327 12411  12570 12660 12833 13173    11062 14037    82920 287
1000    12601    12599 12593    11952 12257 12427 12510  12676 12761 12937 13274    11208 14146    83970 289
1000    12701    12699 12691    12049 12354 12527 12611  12776 12864 13039 13378    11324 14266    85558 292
1000    12801    12799 12794    12145 12450 12623 12708  12877 12963 13143 13480    11397 14415    87155 295
1000    12901    12899 12894    12239 12545 12721 12808  12978 13061 13246 13589    11474 14728    88530 297
1000    13001    12999 12993    12329 12644 12821 12909  13078 13164 13352 13702    11597 14794    89893 299
1000    13101    13098 13091    12425 12739 12916 13006  13177 13266 13450 13809    11670 14875    91377 302
1000    13201    13198 13189    12519 12836 13014 13107  13280 13370 13556 13911    11781 15039    92787 304
1000    13301    13298 13290    12611 12930 13116 13205  13380 13471 13656 14018    11821 15126    93819 306
1000    13401    13398 13389    12710 13029 13214 13303  13483 13572 13761 14122    11839 15276    95472 308
1000    13501    13498 13494    12803 13125 13312 13401  13580 13669 13859 14225    12003 15327    96869 311
1000    13601    13597 13592    12898 13226 13411 13501  13681 13773 13962 14333    12106 15372    98231 313
1000    13701    13699 13692    12993 13326 13507 13605  13783 13877 14066 14436    12190 15488    99289 315
1000    13801    13799 13792    13089 13422 13605 13708  13883 13978 14172 14536    12293 15553    100457 316
1000    13901    13899 13892    13180 13517 13707 13801  13983 14080 14271 14652    12390 15638    102248 319
1000    14001    13998 13990    13275 13615 13804 13896  14081 14178 14380 14751    12434 15747    104329 323
1000    14101    14098 14091    13372 13710 13902 13998  14181 14276 14481 14851    12499 15878    105638 325
1000    14201    14197 14191    13464 13806 13996 14098  14284 14376 14587 14962    12565 16079    107624 328
1000    14301    14297 14289    13565 13905 14095 14195  14389 14485 14688 15065    12587 16191    108932 330
1000    14401    14398 14393    13662 14001 14194 14295  14486 14584 14789 15172    12672 16260    109845 331
1000    14501    14498 14495    13759 14100 14294 14394  14585 14687 14890 15276    12699 16349    110694 332
1000    14601    14599 14591    13847 14198 14397 14493  14690 14789 14995 15384    12843 16643    112685 335
1000    14701    14699 14695    13943 14299 14492 14594  14790 14889 15095 15485    12843 16796    113903 337
1000    14801    14798 14795    14037 14394 14589 14690  14894 14989 15196 15589    12897 16810    115847 340
1000    14901    14898 14892    14132 14489 14690 14790  14990 15090 15301 15701    13012 16891    117336 342
1000    15001    14998 14992    14225 14588 14790 14891  15088 15189 15402 15809    13058 16934    118932 344
1000    15101    15098 15092    14321 14689 14892 14992  15191 15293 15507 15923    13195 16954    120918 347
1000    15201    15199 15193    14419 14786 14990 15092  15286 15397 15610 16023    13387 17186    123109 350
1000    15301    15299 15292    14512 14884 15088 15193  15389 15494 15713 16131    13477 17329    124643 353
1000    15401    15399 15390    14597 14979 15187 15289  15494 15595 15814 16233    13545 17393    126297 355
1000    15501    15499 15492    14692 15079 15283 15391  15593 15699 15920 16346    13628 17577    128203 358
1000    15601    15599 15592    14779 15175 15383 15489  15690 15798 16018 16448    13705 17586    129342 359
1000    15701    15699 15693    14885 15275 15481 15592  15792 15897 16122 16558    13792 17667    130764 361
1000    15801    15798 15793    14983 15368 15581 15688  15892 15995 16225 16660    13997 17728    132566 364
1000    15901    15898 15892    15075 15468 15681 15789  15997 16097 16326 16764    14130 17840    133715 365
1000    16001    15998 15994    15164 15567 15779 15890  16096 16200 16432 16862    14160 17915    135946 368
1000    16101    16098 16091    15261 15663 15879 15984  16197 16301 16529 16976    14260 17985    137980 371
1000    16201    16197 16188    15357 15757 15979 16080  16292 16399 16635 17089    14367 18071    139653 373
1000    16301    16297 16283    15454 15857 16075 16179  16394 16496 16737 17195    14430 18301    141788 376
1000    16401    16397 16386    15553 15955 16175 16278  16493 16599 16841 17293    14521 18405    143756 379
1000    16501    16497 16485    15647 16048 16275 16376  16592 16700 16938 17389    14587 18573    144824 380
1000    16601    16597 16581    15747 16148 16373 16478  16693 16804 17040 17499    14744 18591    145922 381
1000    16701    16698 16683    15844 16245 16476 16581  16792 16907 17147 17607    14798 18712    148062 384
1000    16801    16798 16784    15937 16339 16572 16678  16897 17003 17247 17711    14913 19007    150092 387
1000    16901    16899 16887    16028 16442 16672 16780  16995 17106 17352 17817    14949 19298    151713 389
1000    17001    16998 16985    16131 16536 16766 16880  17090 17205 17453 17918    14952 19447    153736 392
1000    17101    17098 17085    16225 16633 16862 16979  17194 17304 17556 18029    15062 19493    155421 394
1000    17201    17197 17183    16320 16732 16963 17077  17294 17410 17655 18131    15168 19568    156899 396
1000    17301    17297 17284    16419 16828 17059 17176  17397 17509 17757 18238    15220 19587    158533 398
1000    17401    17397 17384    16518 16927 17159 17273  17497 17617 17856 18340    15279 19703    160337 400
1000    17501    17497 17484    16615 17026 17258 17373  17598 17719 17954 18443    15452 19771    161912 402
1000    17601    17597 17581    16710 17121 17352 17471  17697 17820 18064 18555    15573 19912    163303 404
1000    17701    17698 17685    16800 17221 17454 17572  17798 17923 18165 18664    15580 20026    164327 405
1000    17801    17797 17786    16895 17321 17550 17670  17900 18019 18267 18762    15593 20189    166646 408
1000    17901    17898 17887    16995 17420 17648 17771  18002 18119 18369 18871    15656 20423    168178 410
1000    18001    17998 17986    17084 17515 17747 17867  18102 18218 18475 18980    15738 20588    170470 412
1000    18101    18098 18086    17177 17611 17844 17966  18208 18327 18575 19086    15829 20608    172643 415
1000    18201    18198 18183    17279 17709 17944 18066  18305 18428 18687 19185    16004 20662    174499 417
1000    18301    18298 18286    17367 17805 18046 18164  18407 18526 18783 19295    16073 20732    176100 419
1000    18401    18398 18384    17457 17905 18142 18263  18513 18633 18889 19391    16199 20828    177751 421
1000    18501    18498 18485    17554 18004 18242 18361  18604 18732 18990 19500    16256 20841    179757 423
1000    18601    18598 18586    17655 18100 18340 18462  18708 18832 19091 19597    16459 20939    182039 426
1000    18701    18699 18688    17752 18197 18441 18561  18816 18934 19194 19708    16521 21002    183985 428
1000    18801    18800 18786    17850 18297 18537 18659  18912 19037 19295 19810    16606 21181    186012 431
1000    18901    18899 18888    17943 18397 18638 18759  19010 19134 19398 19902    16643 21222    187323 432
1000    19001    19000 18987    18041 18491 18736 18858  19110 19235 19502 20018    16790 21264    189476 435
1000    19101    19098 19086    18132 18589 18835 18958  19210 19340 19604 20121    16887 21364    190881 436
1000    19201    19198 19186    18219 18686 18931 19059  19310 19440 19706 20232    17004 21542    192433 438
1000    19301    19299 19280    18327 18783 19034 19157  19410 19543 19810 20344    17206 21585    195130 441
1000    19401    19399 19378    18410 18883 19135 19257  19515 19646 19912 20447    17251 21636    197104 443
1000    19501    19499 19478    18505 18975 19231 19350  19611 19746 20019 20546    17292 21716    198778 445
1000    19601    19599 19577    18606 19073 19326 19454  19711 19847 20121 20650    17401 21858    200433 447
1000    19701    19699 19679    18700 19170 19427 19552  19810 19950 20224 20761    17483 22087    203234 450
1000    19801    19799 19781    18795 19270 19525 19648  19913 20050 20325 20871    17527 22198    205299 453
1000    19901    19899 19882    18888 19372 19621 19749  20014 20148 20429 20975    17533 22281    208115 456


# Final approximations
17662
17748
17836
17846
17931
17933
17993
18070
18070
18091
18102
18109
18110
18139
18141
18151
18169
18180
18184
18188
18191
18194
18206
18206
18213
18216
18216
18218
18257
18261
18262
18268
18279
18303
18304
18309
18310
18310
18314
18325
18329
18347
18355
18358
18362
18362
18381
18382
18389
18391
18394
18394
18402
18411
18415
18415
18416
18420
18421
18427
18441
18443
18452
18452
18465
18465
18471
18474
18477
18477
18481
18485
18487
18489
18490
18493
18497
18499
18500
18511
18511
18514
18515
18515
18523
18525
18527
18529
18530
18532
18534
18536
18537
18545
18546
18554
18557
18558
18560
18564
18566
18566
18574
18575
18579
18583
18585
18588
18590
18591
18594
18601
18602
18602
18604
18605
18612
18612
18613
18614
18614
18615
18616
18616
18618
18621
18623
18624
18625
18626
18627
18628
18628
18628
18630
18631
18633
18633
18634
18635
18636
18638
18639
18639
18639
18640
18642
18643
18643
18646
18648
18650
18651
18651
18652
18653
18657
18659
18659
18665
18668
18669
18670
18670
18670
18671
18676
18677
18678
18679
18683
18684
18684
18687
18687
18688
18691
18691
18692
18692
18696
18696
18699
18700
18701
18705
18706
18707
18708
18709
18710
18710
18710
18711
18711
18713
18714
18717
18717
18718
18722
18723
18723
18724
18725
18725
18725
18728
18729
18732
18732
18735
18736
18736
18736
18737
18739
18739
18739
18740
18740
18741
18742
18742
18743
18744
18745
18749
18751
18751
18752
18756
18758
18759
18759
18759
18759
18760
18762
18763
18763
18764
18768
18768
18770
18770
18771
18772
18774
18774
18776
18777
18777
18778
18778
18780
18780
18781
18781
18783
18783
18785
18785
18789
18789
18789
18789
18792
18793
18795
18797
18798
18798
18799
18802
18802
18802
18802
18803
18803
18804
18809
18813
18816
18816
18817
18818
18820
18821
18822
18822
18824
18824
18824
18824
18827
18827
18829
18829
18830
18833
18834
18835
18835
18839
18840
18840
18841
18841
18841
18845
18845
18851
18851
18854
18855
18856
18856
18856
18857
18857
18857
18859
18859
18860
18860
18863
18863
18864
18865
18866
18868
18868
18869
18869
18870
18870
18870
18871
18872
18872
18872
18872
18872
18872
18873
18873
18874
18874
18874
18875
18875
18875
18876
18877
18878
18878
18880
18881
18882
18883
18884
18885
18885
18885
18888
18888
18890
18891
18891
18892
18892
18894
18895
18895
18896
18897
18898
18899
18899
18901
18901
18901
18901
18902
18903
18905
18907
18907
18907
18908
18908
18908
18908
18909
18909
18909
18910
18911
18911
18912
18912
18913
18914
18914
18914
18914
18915
18915
18917
18918
18918
18919
18919
18919
18920
18921
18921
18923
18923
18923
18924
18924
18925
18926
18926
18926
18926
18927
18927
18927
18929
18929
18930
18932
18933
18934
18936
18937
18938
18939
18940
18940
18941
18941
18943
18944
18944
18944
18945
18945
18945
18946
18946
18947
18947
18948
18948
18949
18949
18950
18950
18953
18953
18955
18955
18958
18960
18960
18962
18963
18965
18965
18965
18967
18968
18969
18969
18970
18970
18973
18973
18973
18974
18975
18975
18975
18976
18977
18977
18978
18978
18979
18980
18980
18980
18980
18980
18981
18981
18981
18981
18982
18985
18985
18986
18987
18987
18987
18988
18989
18989
18990
18990
18990
18990
18992
18992
18993
18993
18994
18995
18996
18997
18997
18998
18999
18999
18999
18999
19000
19000
19002
19002
19003
19003
19003
19004
19005
19005
19005
19006
19007
19007
19008
19008
19008
19008
19008
19008
19008
19010
19011
19011
19012
19013
19013
19014
19015
19016
19017
19018
19018
19019
19020
19020
19021
19021
19023
19024
19024
19024
19024
19025
19026
19028
19029
19029
19029
19029
19029
19030
19030
19031
19032
19032
19034
19035
19035
19035
19036
19036
19036
19036
19037
19037
19038
19038
19039
19039
19041
19041
19042
19043
19043
19045
19046
19047
19047
19047
19047
19047
19048
19049
19049
19049
19049
19050
19052
19052
19052
19053
19053
19055
19056
19056
19056
19056
19057
19058
19058
19059
19059
19061
19062
19063
19063
19063
19063
19063
19064
19064
19064
19064
19064
19065
19066
19066
19066
19066
19068
19068
19068
19069
19069
19070
19071
19071
19071
19072
19073
19073
19073
19073
19073
19074
19075
19075
19076
19076
19076
19077
19078
19079
19079
19079
19080
19080
19080
19080
19080
19080
19082
19082
19083
19083
19084
19084
19084
19086
19087
19088
19088
19088
19088
19089
19090
19091
19091
19093
19094
19094
19095
19095
19095
19095
19095
19096
19096
19097
19098
19099
19099
19099
19099
19099
19100
19101
19102
19102
19103
19103
19104
19104
19104
19105
19106
19107
19107
19108
19108
19109
19109
19109
19109
19110
19111
19111
19111
19111
19111
19111
19111
19113
19113
19113
19114
19114
19115
19115
19116
19116
19116
19116
19117
19118
19118
19118
19118
19119
19119
19119
19119
19120
19120
19120
19120
19120
19120
19121
19121
19122
19122
19122
19122
19122
19123
19123
19123
19124
19124
19124
19124
19124
19125
19125
19126
19126
19126
19127
19128
19128
19128
19129
19129
19129
19129
19130
19130
19131
19131
19132
19132
19133
19134
19134
19135
19135
19136
19136
19136
19136
19137
19137
19137
19137
19137
19138
19138
19139
19140
19141
19141
19141
19141
19141
19142
19142
19142
19142
19143
19143
19144
19145
19145
19146
19146
19147
19147
19148
19148
19148
19148
19149
19149
19150
19151
19151
19151
19151
19152
19152
19152
19153
19153
19154
19155
19155
19156
19157
19158
19158
19158
19158
19159
19159
19160
19160
19160
19160
19161
19162
19162
19163
19163
19164
19165
19166
19166
19166
19167
19168
19168
19168
19168
19169
19169
19169
19170
19170
19170
19171
19171
19171
19172
19172
19172
19173
19174
19174
19174
19174
19175
19175
19175
19176
19176
19176
19176
19176
19176
19177
19177
19177
19178
19178
19178
19178
19178
19178
19178
19179
19179
19179
19179
19179
19180
19180
19180
19180
19181
19181
19181
19182
19182
19183
19183
19184
19184
19184
19184
19184
19184
19185
19185
19185
19185
19186
19187
19187
19187
19187
19188
19188
19188
19189
19189
19189
19189
19189
19190
19190
19192
19193
19194
19194
19195
19195
19195
19195
19195
19195
19196
19197
19197
19198
19198
19198
19199
19199
19199
19200
19200
19200
19201
19201
19201
19202
19202
19202
19202
19202
19203
19203
19203
19204
19204
19204
19204
19205
19205
19205
19205
19206
19206
19206
19206
19206
19207
19207
19207
19208
19208
19208
19208
19209
19210
19210
19210
19210
19211
19211
19211
19212
19212
19212
19212
19212
19213
19213
19214
19214
19215
19216
19216
19216
19216
19216
19216
19217
19217
19217
19217
19217
19217
19217
19217
19217
19218
19218
19219
19219
19219
19219
19220
19220
19221
19221
19221
19222
19223
19223
19223
19224
19225
19225
19225
19225
19225
19225
19226
19226
19227
19227
19227
19227
19228
19229
19229
19232
19232
19232
19233
19233
19233
19233
19233
19234
19234
19235
19235
19235
19235
19235
19235
19235
19236
19236
19236
19237
19237
19238
19238
19238
19239
19239
19239
19240
19241
19241
19241
19242
19242
19242
19242
19243
19244
19244
19244
19244
19245
19246
19246
19246
19247
19247
19247
19247
19248
19248
19248
19248
19249
19249
19249
19249
19249
19250
19250
19250
19250
19250
19250
19251
19251
19251
19252
19252
19252
19253
19253
19253
19254
19254
19254
19254
19254
19255
19255
19255
19256
19256
19256
19256
19256
19257
19257
19259
19259
19259
19259
19260
19260
19260
19260
19261
19261
19262
19262
19262
19262
19262
19262
19263
19263
19263
19263
19264
19264
19264
19264
19264
19265
19265
19265
19265
19266
19266
19266
19267
19268
19269
19269
19269
19269
19270
19270
19270
19271
19271
19272
19272
19272
19272
19272
19272
19273
19273
19273
19273
19273
19274
19274
19274
19274
19275
19275
19275
19275
19276
19276
19276
19276
19276
19277
19277
19278
19278
19278
19278
19279
19279
19280
19280
19280
19280
19281
19281
19281
19281
19282
19282
19283
19283
19284
19284
19284
19285
19285
19285
19286
19286
19286
19286
19286
19287
19287
19288
19288
19289
19289
19289
19291
19291
19292
19292
19292
19292
19293
19293
19294
19294
19294
19294
19294
19295
19295
19295
19295
19296
19296
19296
19296
19297
19297
19297
19297
19297
19297
19297
19297
19298
19298
19299
19299
19299
19300
19300
19300
19300
19300
19300
19301
19301
19301
19301
19301
19301
19301
19302
19302
19302
19302
19303
19303
19303
19303
19304
19305
19305
19305
19306
19306
19306
19306
19306
19308
19308
19308
19308
19309
19309
19309
19309
19309
19309
19309
19310
19310
19310
19310
19310
19311
19311
19311
19312
19312
19312
19312
19313
19313
19314
19314
19314
19315
19315
19315
19315
19316
19316
19316
19316
19316
19317
19317
19318
19318
19318
19318
19318
19319
19320
19320
19320
19321
19321
19322
19322
19322
19322
19323
19323
19323
19323
19323
19324
19324
19324
19324
19325
19325
19326
19326
19326
19326
19326
19326
19327
19327
19328
19328
19328
19328
19328
19328
19328
19329
19329
19329
19330
19330
19330
19330
19330
19331
19332
19332
19333
19333
19333
19333
19334
19334
19334
19335
19335
19335
19335
19336
19336
19336
19336
19337
19337
19337
19337
19337
19337
19337
19337
19338
19338
19338
19338
19338
19339
19339
19339
19339
19339
19339
19339
19340
19340
19340
19340
19340
19340
19340
19340
19341
19341
19341
19342
19342
19342
19342
19342
19342
19342
19343
19343
19343
19343
19344
19345
19345
19345
19346
19346
19346
19347
19347
19347
19347
19347
19348
19348
19348
19349
19349
19349
19349
19349
19350
19350
19350
19351
19352
19352
19352
19352
19353
19353
19353
19353
19354
19354
19354
19354
19354
19355
19355
19355
19355
19355
19355
19356
19356
19356
19356
19356
19357
19357
19357
19357
19357
19357
19358
19358
19358
19358
19358
19358
19358
19359
19360
19360
19360
19360
19360
19360
19361
19361
19361
19361
19361
19362
19362
19363
19363
19364
19364
19364
19364
19364
19365
19365
19365
19365
19365
19366
19366
19366
19366
19367
19367
19367
19367
19367
19368
19368
19368
19369
19369
19369
19369
19369
19369
19369
19369
19369
19370
19370
19371
19371
19371
19372
19372
19372
19372
19373
19373
19373
19373
19373
19374
19374
19374
19374
19375
19375
19376
19376
19377
19377
19377
19377
19378
19378
19378
19378
19378
19378
19378
19378
19379
19379
19380
19380
19380
19380
19380
19380
19381
19381
19381
19382
19382
19382
19383
19383
19383
19383
19383
19384
19384
19384
19384
19385
19385
19386
19386
19386
19386
19386
19386
19387
19387
19387
19388
19388
19388
19389
19389
19389
19389
19389
19389
19390
19390
19390
19390
19390
19391
19391
19391
19391
19391
19392
19392
19392
19392
19393
19394
19395
19395
19395
19396
19396
19396
19396
19396
19396
19397
19398
19399
19399
19399
19400
19401
19401
19401
19401
19402
19402
19402
19402
19402
19402
19402
19402
19402
19403
19403
19403
19403
19404
19404
19404
19404
19404
19405
19405
19406
19406
19406
19406
19407
19407
19407
19408
19408
19408
19408
19409
19409
19409
19410
19410
19410
19410
19410
19410
19412
19412
19412
19412
19412
19412
19412
19413
19413
19413
19414
19414
19414
19414
19415
19415
19415
19416
19416
19416
19417
19417
19417
19417
19418
19418
19418
19418
19418
19419
19419
19419
19419
19419
19419
19419
19420
19420
19421
19421
19421
19421
19421
19422
19422
19422
19422
19422
19423
19423
19423
19423
19423
19424
19425
19425
19425
19425
19425
19425
19426
19426
19426
19426
19427
19427
19427
19427
19427
19427
19427
19428
19428
19428
19429
19429
19429
19429
19430
19430
19430
19430
19430
19430
19431
19431
19431
19431
19432
19432
19432
19432
19432
19432
19433
19433
19433
19434
19434
19434
19434
19434
19435
19435
19435
19435
19435
19436
19436
19436
19436
19437
19437
19437
19437
19437
19438
19438
19439
19440
19440
19440
19440
19441
19441
19441
19441
19441
19441
19442
19442
19442
19443
19444
19444
19445
19445
19446
19446
19446
19446
19447
19447
19447
19447
19447
19447
19447
19447
19447
19447
19448
19448
19450
19450
19450
19451
19451
19451
19451
19451
19452
19452
19452
19452
19452
19452
19453
19453
19453
19453
19454
19454
19454
19454
19454
19455
19455
19455
19456
19456
19456
19456
19458
19459
19459
19459
19459
19459
19459
19460
19460
19460
19460
19460
19460
19460
19461
19461
19461
19461
19461
19462
19462
19462
19462
19462
19462
19463
19463
19463
19463
19463
19464
19464
19464
19464
19464
19465
19465
19465
19465
19466
19466
19466
19466
19467
19467
19467
19468
19468
19468
19468
19469
19469
19469
19469
19469
19469
19470
19470
19470
19470
19471
19471
19471
19471
19471
19471
19471
19472
19472
19472
19472
19472
19472
19472
19473
19473
19473
19473
19474
19474
19474
19474
19475
19475
19475
19476
19476
19476
19477
19477
19477
19477
19477
19478
19478
19479
19479
19479
19479
19479
19479
19480
19480
19480
19480
19481
19481
19481
19481
19481
19481
19481
19481
19481
19482
19482
19482
19482
19482
19482
19482
19482
19483
19483
19483
19484
19484
19484
19484
19484
19485
19485
19485
19485
19485
19485
19485
19485
19486
19486
19486
19486
19487
19487
19487
19488
19488
19488
19489
19489
19489
19489
19489
19489
19489
19489
19489
19489
19490
19490
19490
19490
19491
19491
19491
19491
19491
19491
19491
19491
19491
19491
19492
19492
19492
19492
19493
19493
19493
19493
19493
19493
19493
19494
19494
19494
19494
19494
19495
19495
19495
19496
19496
19497
19497
19497
19497
19498
19498
19498
19498
19498
19498
19499
19499
19499
19500
19500
19500
19500
19500
19500
19501
19501
19501
19501
19501
19501
19502
19502
19502
19502
19502
19502
19503
19503
19503
19504
19505
19505
19505
19505
19506
19506
19506
19506
19507
19507
19507
19507
19507
19507
19508
19508
19508
19508
19509
19509
19510
19510
19510
19510
19510
19511
19511
19512
19512
19512
19512
19512
19513
19513
19513
19514
19514
19514
19514
19514
19514
19514
19514
19515
19515
19515
19515
19515
19515
19515
19515
19516
19516
19516
19516
19516
19516
19517
19517
19517
19517
19517
19517
19517
19518
19518
19518
19518
19519
19519
19519
19519
19519
19519
19520
19520
19520
19520
19520
19520
19520
19520
19521
19521
19521
19521
19521
19522
19522
19522
19522
19523
19523
19523
19523
19523
19524
19524
19524
19524
19525
19525
19525
19525
19525
19525
19525
19526
19526
19527
19527
19527
19527
19528
19528
19528
19528
19529
19529
19529
19530
19530
19530
19530
19530
19530
19530
19530
19530
19531
19531
19531
19531
19531
19531
19532
19532
19532
19532
19532
19533
19533
19534
19534
19534
19534
19534
19535
19535
19535
19536
19536
19536
19536
19536
19536
19536
19537
19537
19537
19537
19537
19537
19538
19538
19538
19538
19538
19538
19538
19538
19539
19539
19540
19540
19540
19540
19540
19540
19541
19541
19541
19541
19541
19542
19542
19542
19543
19543
19543
19543
19544
19544
19544
19544
19544
19545
19545
19545
19545
19545
19545
19545
19546
19546
19546
19546
19546
19546
19546
19546
19547
19547
19547
19547
19547
19547
19548
19548
19548
19548
19548
19548
19549
19549
19549
19550
19550
19550
19550
19550
19551
19551
19551
19551
19551
19552
19552
19552
19552
19553
19553
19553
19553
19553
19553
19553
19554
19554
19554
19555
19555
19555
19555
19555
19555
19556
19556
19556
19556
19556
19556
19556
19556
19557
19557
19557
19557
19558
19558
19558
19558
19558
19558
19558
19559
19559
19559
19559
19559
19559
19559
19559
19559
19559
19559
19560
19560
19560
19560
19560
19560
19560
19560
19561
19561
19561
19561
19561
19561
19561
19562
19562
19562
19562
19562
19562
19562
19562
19562
19563
19563
19564
19564
19564
19564
19564
19564
19564
19564
19565
19565
19565
19565
19565
19566
19566
19566
19566
19566
19566
19566
19566
19566
19567
19567
19567
19567
19568
19568
19568
19568
19568
19568
19569
19569
19569
19569
19569
19569
19570
19570
19571
19571
19571
19571
19571
19571
19571
19572
19572
19572
19572
19573
19573
19573
19573
19574
19574
19574
19575
19575
19575
19575
19575
19575
19575
19575
19575
19576
19576
19576
19576
19576
19577
19577
19577
19577
19577
19577
19577
19577
19578
19578
19578
19578
19579
19579
19579
19579
19580
19580
19580
19580
19580
19581
19581
19581
19581
19581
19581
19581
19581
19581
19582
19582
19582
19582
19582
19582
19583
19583
19583
19583
19583
19584
19584
19584
19584
19584
19584
19584
19584
19584
19585
19585
19585
19585
19585
19585
19585
19585
19586
19586
19586
19586
19586
19586
19586
19586
19587
19587
19587
19587
19587
19587
19587
19588
19588
19588
19588
19588
19588
19588
19589
19589
19589
19589
19589
19589
19589
19589
19589
19589
19590
19590
19590
19590
19591
19591
19591
19591
19591
19591
19591
19592
19592
19592
19592
19592
19592
19592
19592
19592
19593
19593
19593
19593
19594
19594
19594
19594
19594
19594
19594
19594
19594
19594
19595
19596
19596
19596
19596
19596
19597
19597
19597
19597
19597
19597
19598
19598
19598
19598
19598
19598
19599
19599
19599
19600
19600
19600
19600
19600
19600
19600
19600
19601
19601
19601
19601
19602
19602
19602
19602
19602
19602
19603
19603
19603
19603
19603
19604
19604
19604
19604
19604
19604
19604
19604
19604
19604
19604
19604
19604
19605
19605
19605
19605
19605
19605
19605
19605
19606
19606
19606
19606
19606
19607
19607
19607
19607
19607
19608
19608
19608
19608
19608
19608
19608
19608
19608
19609
19610
19610
19610
19610
19610
19611
19611
19611
19611
19612
19612
19612
19612
19612
19613
19613
19613
19613
19613
19613
19613
19614
19614
19614
19614
19614
19614
19615
19615
19615
19615
19615
19615
19616
19616
19616
19616
19616
19616
19617
19617
19618
19618
19618
19618
19619
19619
19619
19620
19620
19620
19620
19621
19621
19621
19621
19621
19621
19621
19622
19622
19622
19622
19622
19622
19622
19622
19622
19623
19623
19623
19623
19623
19623
19623
19623
19623
19623
19624
19624
19624
19624
19624
19624
19624
19625
19625
19625
19625
19626
19626
19626
19626
19626
19627
19627
19627
19627
19627
19627
19627
19627
19627
19627
19627
19628
19628
19628
19628
19628
19628
19628
19628
19629
19629
19629
19629
19629
19629
19629
19629
19629
19630
19630
19630
19630
19630
19630
19630
19631
19631
19631
19631
19631
19631
19631
19631
19631
19632
19632
19632
19632
19633
19633
19633
19633
19633
19633
19633
19634
19634
19634
19634
19635
19635
19635
19635
19635
19636
19636
19636
19636
19636
19636
19636
19637
19637
19637
19637
19638
19638
19638
19638
19638
19638
19639
19639
19639
19640
19640
19640
19640
19641
19641
19641
19641
19641
19641
19642
19642
19642
19643
19643
19643
19643
19643
19643
19643
19643
19644
19644
19644
19644
19644
19644
19645
19645
19645
19645
19646
19646
19646
19646
19646
19646
19646
19647
19647
19647
19647
19647
19647
19647
19647
19647
19648
19648
19648
19648
19648
19648
19648
19648
19648
19648
19648
19648
19649
19649
19649
19650
19650
19650
19650
19650
19650
19650
19651
19651
19651
19651
19651
19652
19652
19652
19653
19653
19653
19653
19653
19654
19654
19654
19654
19654
19655
19655
19655
19655
19655
19656
19656
19656
19656
19656
19656
19656
19656
19656
19657
19657
19657
19657
19657
19657
19658
19658
19658
19658
19658
19659
19659
19659
19659
19660
19660
19660
19660
19660
19660
19660
19660
19660
19660
19661
19661
19661
19661
19661
19661
19661
19661
19661
19662
19662
19662
19662
19662
19662
19662
19662
19663
19663
19663
19663
19663
19663
19663
19664
19664
19664
19664
19664
19664
19664
19665
19665
19666
19666
19666
19666
19666
19666
19667
19667
19667
19667
19667
19667
19667
19667
19667
19667
19667
19667
19668
19668
19668
19668
19668
19668
19669
19669
19669
19669
19669
19669
19669
19670
19670
19670
19670
19671
19671
19671
19672
19672
19672
19672
19672
19672
19672
19672
19672
19673
19673
19673
19673
19673
19673
19674
19674
19674
19675
19675
19675
19675
19675
19675
19675
19676
19676
19676
19676
19676
19676
19676
19676
19677
19677
19677
19677
19677
19677
19678
19678
19678
19678
19679
19679
19679
19679
19679
19679
19679
19679
19679
19679
19679
19680
19680
19680
19680
19680
19680
19681
19681
19681
19681
19682
19682
19682
19682
19682
19682
19682
19682
19682
19682
19682
19683
19683
19683
19683
19684
19684
19684
19684
19684
19684
19685
19685
19685
19685
19685
19685
19686
19686
19686
19687
19687
19687
19688
19688
19688
19689
19689
19689
19689
19689
19689
19689
19689
19690
19690
19691
19691
19691
19691
19692
19692
19692
19692
19692
19692
19692
19692
19693
19693
19693
19693
19693
19694
19694
19694
19694
19694
19695
19695
19695
19696
19696
19696
19696
19696
19696
19696
19697
19697
19697
19697
19697
19698
19698
19699
19699
19699
19699
19699
19700
19700
19700
19700
19700
19700
19700
19700
19700
19700
19701
19701
19701
19701
19702
19702
19703
19703
19703
19703
19703
19703
19703
19704
19704
19704
19705
19705
19705
19705
19706
19706
19706
19707
19707
19707
19708
19708
19708
19709
19709
19709
19709
19709
19709
19710
19710
19710
19710
19711
19711
19711
19711
19711
19711
19711
19711
19711
19711
19711
19712
19712
19712
19712
19712
19712
19712
19712
19712
19712
19712
19713
19713
19713
19714
19714
19714
19714
19714
19714
19714
19714
19714
19714
19714
19715
19715
19715
19715
19715
19715
19715
19716
19716
19717
19717
19717
19718
19718
19718
19718
19718
19719
19719
19719
19719
19719
19719
19719
19719
19720
19720
19720
19720
19720
19720
19721
19721
19721
19721
19721
19722
19722
19722
19722
19723
19723
19723
19723
19723
19723
19723
19723
19723
19724
19724
19724
19724
19724
19724
19725
19725
19725
19725
19726
19726
19726
19726
19726
19726
19726
19726
19726
19726
19726
19726
19727
19727
19727
19727
19727
19727
19727
19727
19727
19728
19728
19728
19728
19728
19728
19728
19728
19728
19728
19729
19729
19729
19729
19729
19729
19729
19730
19730
19730
19730
19730
19730
19730
19730
19731
19731
19731
19731
19731
19731
19732
19732
19732
19732
19732
19732
19732
19732
19732
19732
19733
19733
19733
19733
19733
19733
19734
19734
19734
19734
19734
19734
19734
19734
19734
19735
19735
19735
19736
19736
19736
19736
19736
19736
19736
19737
19737
19737
19737
19737
19737
19737
19737
19738
19738
19738
19738
19738
19739
19739
19739
19739
19740
19740
19740
19740
19741
19741
19741
19741
19741
19742
19742
19742
19742
19742
19742
19743
19743
19743
19743
19743
19743
19744
19744
19744
19744
19744
19744
19744
19744
19745
19745
19745
19745
19745
19746
19746
19746
19746
19746
19747
19747
19747
19747
19747
19747
19747
19747
19747
19748
19748
19748
19748
19748
19748
19749
19750
19750
19750
19750
19750
19751
19751
19751
19751
19751
19752
19752
19752
19753
19753
19753
19753
19753
19754
19754
19754
19754
19754
19755
19755
19755
19755
19755
19755
19755
19756
19756
19756
19757
19757
19757
19757
19757
19758
19758
19758
19758
19758
19758
19758
19758
19758
19758
19759
19759
19759
19760
19760
19760
19760
19761
19761
19761
19761
19761
19761
19761
19762
19762
19762
19762
19762
19762
19763
19763
19763
19763
19763
19763
19763
19764
19764
19764
19764
19764
19764
19764
19764
19764
19764
19764
19764
19765
19765
19766
19766
19766
19766
19766
19766
19766
19766
19766
19766
19767
19767
19767
19767
19767
19768
19768
19769
19769
19769
19769
19769
19769
19769
19769
19769
19769
19769
19770
19770
19770
19770
19770
19771
19771
19771
19771
19771
19771
19771
19771
19771
19771
19771
19771
19772
19772
19772
19773
19773
19773
19773
19773
19773
19773
19773
19774
19774
19774
19774
19774
19774
19774
19774
19774
19774
19774
19774
19775
19775
19775
19775
19776
19776
19776
19777
19777
19777
19777
19777
19777
19778
19778
19778
19778
19778
19779
19779
19779
19779
19779
19779
19779
19779
19779
19780
19780
19780
19780
19780
19780
19780
19780
19781
19781
19781
19781
19781
19781
19781
19781
19781
19781
19781
19782
19782
19782
19782
19782
19783
19783
19783
19783
19783
19783
19783
19783
19783
19783
19784
19784
19784
19784
19784
19785
19785
19785
19785
19785
19785
19786
19786
19786
19786
19786
19786
19786
19786
19787
19787
19787
19787
19787
19788
19788
19788
19788
19788
19788
19788
19788
19788
19788
19788
19788
19789
19789
19789
19789
19789
19790
19790
19790
19790
19790
19790
19790
19790
19791
19791
19791
19793
19793
19793
19793
19793
19793
19793
19793
19793
19793
19794
19794
19794
19794
19794
19794
19795
19795
19795
19795
19795
19795
19795
19795
19795
19795
19796
19796
19796
19796
19796
19796
19797
19797
19797
19797
19797
19797
19797
19797
19798
19798
19798
19799
19799
19799
19799
19800
19800
19800
19800
19800
19800
19800
19800
19800
19801
19801
19801
19801
19801
19801
19801
19801
19801
19802
19802
19802
19802
19802
19802
19802
19802
19803
19803
19803
19803
19803
19803
19803
19803
19804
19804
19804
19804
19804
19804
19804
19804
19804
19805
19805
19805
19805
19805
19806
19806
19806
19806
19806
19807
19807
19807
19807
19807
19807
19808
19808
19808
19808
19808
19808
19809
19809
19809
19809
19809
19809
19809
19809
19810
19810
19810
19810
19810
19810
19810
19810
19810
19811
19811
19811
19811
19811
19811
19812
19812
19812
19812
19812
19812
19813
19813
19813
19813
19813
19813
19813
19813
19814
19814
19814
19814
19814
19815
19815
19815
19815
19815
19815
19815
19815
19815
19816
19816
19816
19816
19817
19817
19817
19817
19817
19817
19817
19817
19818
19818
19818
19818
19819
19819
19819
19819
19819
19819
19819
19819
19819
19819
19819
19820
19820
19820
19820
19821
19821
19821
19821
19821
19821
19821
19821
19821
19821
19821
19822
19822
19822
19822
19822
19823
19823
19823
19823
19823
19823
19824
19824
19824
19824
19824
19825
19825
19825
19825
19825
19825
19825
19825
19826
19826
19826
19826
19826
19826
19827
19827
19827
19827
19827
19827
19827
19827
19827
19828
19828
19828
19828
19828
19829
19829
19829
19829
19829
19829
19829
19829
19829
19829
19829
19829
19830
19830
19830
19830
19830
19830
19830
19830
19830
19831
19831
19831
19831
19831
19831
19831
19832
19832
19832
19832
19833
19833
19833
19834
19834
19834
19834
19834
19835
19835
19835
19835
19835
19835
19835
19836
19836
19837
19837
19838
19838
19838
19838
19838
19838
19838
19838
19838
19838
19838
19839
19839
19840
19840
19840
19840
19840
19840
19840
19840
19841
19841
19841
19841
19841
19841
19841
19841
19841
19841
19842
19842
19842
19842
19842
19843
19843
19843
19843
19843
19843
19843
19844
19844
19844
19844
19844
19844
19845
19845
19845
19845
19845
19845
19846
19846
19846
19846
19847
19847
19847
19847
19847
19847
19847
19848
19848
19848
19849
19849
19849
19849
19850
19850
19850
19850
19850
19850
19850
19850
19850
19851
19851
19851
19852
19852
19852
19852
19852
19852
19852
19852
19852
19853
19853
19853
19853
19853
19854
19854
19854
19854
19854
19854
19854
19854
19854
19854
19855
19855
19855
19855
19856
19856
19857
19857
19857
19857
19857
19857
19858
19858
19858
19858
19858
19859
19859
19859
19859
19859
19859
19859
19859
19859
19860
19860
19860
19860
19860
19861
19861
19861
19861
19861
19861
19862
19862
19862
19862
19862
19863
19863
19863
19863
19863
19863
19863
19864
19864
19864
19865
19865
19865
19865
19865
19865
19865
19865
19865
19865
19866
19866
19866
19866
19866
19866
19866
19866
19866
19867
19867
19867
19867
19867
19867
19867
19867
19867
19868
19868
19868
19869
19869
19869
19869
19870
19870
19870
19870
19870
19871
19871
19871
19871
19871
19871
19871
19872
19872
19872
19872
19872
19872
19872
19872
19873
19873
19873
19873
19873
19874
19874
19875
19875
19875
19876
19876
19876
19877
19877
19877
19877
19877
19878
19878
19878
19879
19879
19879
19879
19879
19879
19879
19880
19880
19880
19880
19880
19880
19881
19881
19881
19881
19882
19882
19882
19882
19883
19883
19883
19883
19883
19883
19884
19884
19884
19884
19884
19884
19884
19884
19885
19885
19885
19885
19885
19885
19885
19885
19885
19886
19886
19886
19886
19886
19887
19887
19887
19887
19887
19888
19888
19888
19888
19888
19888
19889
19889
19889
19889
19889
19889
19889
19889
19889
19890
19890
19890
19890
19890
19891
19891
19891
19891
19891
19891
19891
19891
19892
19892
19892
19892
19893
19893
19893
19894
19894
19894
19894
19894
19894
19894
19894
19894
19894
19895
19895
19895
19895
19895
19896
19896
19896
19896
19896
19896
19896
19896
19897
19897
19897
19897
19897
19897
19897
19898
19898
19898
19898
19899
19899
19899
19899
19899
19899
19899
19900
19900
19900
19900
19900
19900
19901
19901
19901
19901
19901
19901
19901
19901
19901
19901
19901
19901
19901
19901
19901
19901
19902
19902
19902
19902
19903
19903
19903
19903
19903
19903
19903
19903
19904
19904
19905
19905
19905
19906
19906
19906
19906
19906
19907
19907
19907
19907
19907
19907
19907
19907
19907
19907
19908
19908
19908
19909
19909
19909
19909
19909
19909
19910
19910
19910
19910
19910
19910
19911
19911
19911
19911
19911
19911
19911
19911
19911
19912
19912
19912
19912
19912
19912
19912
19912
19913
19913
19913
19913
19913
19913
19913
19913
19913
19914
19914
19914
19914
19914
19914
19914
19914
19914
19915
19915
19915
19915
19915
19915
19915
19916
19916
19916
19916
19916
19916
19916
19917
19917
19917
19917
19918
19918
19918
19918
19918
19918
19918
19919
19919
19919
19919
19919
19919
19919
19919
19920
19920
19920
19920
19920
19920
19920
19921
19921
19921
19921
19921
19921
19921
19922
19922
19922
19922
19922
19922
19922
19922
19922
19923
19923
19923
19923
19923
19924
19924
19924
19924
19924
19924
19924
19924
19925
19925
19925
19925
19926
19926
19926
19926
19926
19926
19927
19927
19927
19927
19927
19927
19927
19928
19928
19928
19928
19929
19929
19929
19930
19930
19930
19930
19930
19930
19930
19930
19931
19931
19931
19931
19931
19931
19931
19932
19932
19932
19932
19932
19932
19932
19932
19933
19933
19933
19933
19933
19933
19933
19933
19933
19933
19933
19933
19934
19935
19935
19935
19935
19935
19935
19936
19936
19936
19937
19937
19937
19937
19937
19937
19938
19938
19939
19939
19939
19939
19940
19940
19940
19940
19940
19941
19941
19941
19941
19941
19941
19942
19942
19942
19942
19942
19943
19943
19943
19943
19943
19943
19944
19944
19944
19944
19944
19945
19945
19945
19945
19946
19946
19946
19946
19946
19947
19947
19947
19947
19947
19947
19947
19947
19948
19948
19948
19948
19948
19948
19949
19949
19950
19950
19950
19950
19950
19950
19951
19951
19951
19952
19952
19952
19952
19952
19952
19952
19953
19953
19953
19953
19953
19953
19953
19953
19954
19954
19954
19954
19954
19954
19954
19955
19955
19955
19956
19956
19957
19957
19957
19957
19957
19957
19957
19958
19958
19958
19958
19959
19959
19959
19959
19959
19959
19959
19959
19959
19959
19960
19960
19960
19960
19960
19960
19961
19961
19961
19961
19962
19962
19962
19962
19962
19962
19962
19962
19962
19962
19963
19963
19963
19963
19963
19963
19963
19964
19964
19964
19964
19964
19964
19964
19965
19965
19965
19965
19965
19966
19966
19966
19966
19966
19966
19966
19966
19967
19967
19967
19967
19967
19967
19967
19967
19968
19968
19968
19968
19968
19968
19969
19969
19969
19970
19970
19970
19970
19970
19970
19971
19971
19971
19971
19971
19971
19971
19971
19971
19971
19971
19971
19972
19972
19972
19972
19972
19973
19973
19973
19973
19973
19973
19973
19973
19974
19974
19974
19974
19974
19975
19975
19975
19975
19975
19975
19975
19975
19975
19975
19975
19975
19975
19975
19976
19976
19976
19977
19977
19977
19977
19977
19978
19978
19979
19979
19980
19980
19980
19980
19980
19980
19981
19981
19981
19981
19981
19982
19982
19982
19983
19983
19983
19983
19984
19984
19984
19984
19984
19985
19985
19985
19985
19985
19985
19986
19986
19986
19986
19986
19986
19986
19987
19987
19987
19987
19987
19987
19987
19987
19988
19988
19988
19988
19988
19988
19988
19988
19988
19988
19989
19989
19989
19990
19990
19990
19990
19990
19990
19990
19990
19990
19990
19991
19991
19991
19991
19991
19991
19991
19992
19992
19992
19992
19992
19992
19992
19992
19992
19992
19992
19992
19992
19993
19993
19993
19993
19993
19994
19994
19995
19995
19995
19995
19996
19996
19996
19996
19996
19996
19996
19997
19997
19997
19997
19997
19997
19997
19997
19998
19998
19998
19998
19999
20000
20000
20000
20000
20000
20000
20000
20000
20001
20001
20001
20001
20002
20002
20002
20002
20002
20003
20003
20003
20004
20004
20004
20004
20004
20004
20004
20004
20004
20004
20004
20005
20005
20005
20005
20006
20006
20006
20006
20006
20007
20007
20007
20007
20007
20007
20008
20008
20008
20008
20008
20009
20009
20009
20009
20009
20009
20009
20009
20010
20010
20010
20010
20010
20011
20011
20011
20011
20011
20011
20011
20011
20011
20011
20012
20012
20012
20012
20012
20012
20013
20013
20013
20013
20014
20014
20014
20014
20015
20015
20015
20016
20016
20016
20016
20016
20017
20017
20017
20017
20017
20017
20017
20017
20017
20018
20018
20018
20018
20018
20018
20018
20019
20019
20019
20019
20019
20019
20019
20019
20019
20020
20020
20021
20021
20021
20021
20021
20021
20022
20022
20022
20022
20022
20022
20022
20023
20023
20023
20023
20024
20024
20024
20024
20024
20024
20024
20025
20025
20025
20025
20025
20026
20026
20026
20026
20026
20026
20026
20026
20026
20027
20027
20027
20027
20027
20028
20028
20028
20028
20028
20028
20028
20028
20028
20028
20029
20029
20030
20030
20030
20030
20030
20030
20030
20031
20031
20031
20031
20032
20032
20032
20033
20033
20033
20033
20033
20033
20033
20033
20033
20033
20034
20034
20034
20034
20034
20035
20035
20035
20035
20035
20035
20035
20035
20035
20036
20036
20036
20036
20036
20036
20036
20036
20037
20037
20037
20037
20037
20037
20037
20037
20038
20038
20038
20039
20039
20039
20039
20039
20039
20039
20040
20040
20040
20040
20040
20040
20040
20040
20041
20041
20041
20041
20041
20041
20041
20041
20041
20042
20042
20042
20042
20042
20042
20043
20043
20043
20044
20044
20044
20044
20045
20045
20045
20045
20045
20045
20045
20045
20045
20046
20046
20046
20046
20046
20046
20046
20046
20046
20046
20047
20047
20047
20047
20047
20047
20047
20048
20048
20048
20048
20048
20049
20049
20049
20049
20049
20049
20050
20050
20050
20050
20050
20051
20051
20051
20051
20052
20052
20052
20052
20052
20052
20053
20053
20053
20053
20053
20053
20053
20053
20053
20054
20054
20054
20054
20054
20055
20055
20055
20055
20055
20055
20055
20056
20056
20057
20057
20057
20057
20057
20057
20057
20057
20057
20058
20058
20058
20059
20059
20059
20059
20060
20060
20060
20060
20060
20060
20060
20061
20061
20061
20061
20061
20061
20061
20061
20061
20061
20062
20062
20062
20062
20062
20062
20063
20063
20063
20063
20063
20064
20064
20064
20064
20064
20064
20064
20064
20064
20064
20065
20065
20065
20065
20065
20065
20065
20065
20065
20065
20066
20066
20066
20066
20066
20066
20067
20067
20067
20067
20068
20068
20068
20068
20069
20069
20069
20069
20069
20069
20070
20070
20070
20070
20070
20070
20070
20071
20071
20072
20072
20072
20072
20072
20072
20072
20073
20073
20073
20073
20073
20073
20073
20073
20074
20074
20074
20074
20074
20074
20075
20075
20075
20075
20075
20075
20075
20076
20076
20076
20077
20077
20077
20077
20077
20077
20077
20077
20077
20077
20077
20078
20078
20078
20078
20078
20079
20079
20079
20080
20080
20080
20080
20080
20081
20081
20081
20081
20082
20082
20082
20082
20082
20082
20082
20082
20082
20082
20082
20082
20083
20084
20084
20084
20084
20084
20084
20085
20085
20085
20086
20086
20086
20086
20086
20087
20087
20087
20087
20088
20088
20088
20088
20088
20088
20088
20088
20088
20089
20089
20089
20089
20089
20090
20090
20090
20090
20091
20091
20091
20091
20091
20091
20092
20092
20092
20092
20092
20093
20093
20093
20093
20093
20094
20094
20094
20094
20094
20094
20094
20094
20094
20094
20095
20095
20095
20095
20095
20095
20095
20096
20096
20096
20096
20097
20097
20097
20097
20097
20097
20097
20098
20098
20098
20099
20099
20099
20099
20099
20099
20099
20100
20100
20100
20100
20100
20100
20100
20100
20101
20101
20101
20102
20102
20102
20102
20102
20102
20102
20103
20103
20103
20103
20103
20103
20103
20103
20103
20103
20104
20104
20104
20104
20104
20104
20104
20105
20105
20105
20105
20105
20105
20105
20105
20105
20105
20105
20106
20106
20106
20107
20107
20107
20107
20107
20107
20107
20108
20108
20108
20109
20110
20110
20110
20110
20110
20110
20110
20110
20110
20111
20111
20111
20111
20111
20111
20111
20112
20112
20112
20112
20112
20112
20112
20112
20113
20113
20113
20113
20114
20114
20114
20115
20115
20115
20115
20116
20116
20116
20116
20116
20116
20116
20117
20117
20117
20117
20118
20118
20118
20118
20119
20119
20119
20119
20119
20120
20120
20120
20121
20121
20121
20121
20122
20122
20122
20122
20123
20123
20123
20123
20123
20123
20123
20123
20123
20123
20124
20124
20124
20124
20124
20124
20125
20125
20125
20125
20125
20126
20126
20126
20126
20127
20127
20127
20127
20127
20128
20128
20128
20128
20128
20128
20128
20128
20128
20129
20129
20129
20129
20129
20129
20129
20129
20129
20130
20130
20130
20130
20130
20130
20130
20131
20131
20131
20131
20131
20131
20131
20131
20132
20132
20132
20132
20132
20132
20133
20133
20133
20133
20134
20134
20134
20134
20135
20135
20135
20136
20136
20136
20136
20136
20136
20137
20137
20137
20137
20137
20137
20138
20138
20138
20138
20138
20139
20139
20139
20139
20140
20140
20140
20140
20140
20140
20140
20140
20140
20141
20141
20141
20141
20141
20142
20142
20142
20142
20142
20142
20142
20143
20143
20143
20143
20144
20144
20144
20144
20144
20144
20144
20145
20145
20145
20145
20146
20146
20146
20146
20146
20146
20146
20146
20146
20146
20146
20147
20147
20147
20147
20148
20148
20148
20148
20149
20149
20149
20149
20150
20150
20150
20150
20150
20150
20150
20150
20151
20151
20151
20151
20151
20151
20152
20152
20152
20152
20152
20153
20153
20153
20153
20153
20154
20154
20154
20154
20154
20154
20154
20155
20155
20155
20155
20155
20155
20155
20155
20155
20156
20156
20156
20157
20157
20157
20157
20157
20157
20158
20158
20158
20159
20159
20159
20159
20159
20159
20159
20159
20160
20160
20160
20160
20160
20160
20160
20161
20161
20161
20162
20162
20162
20162
20162
20162
20163
20163
20163
20163
20163
20163
20163
20163
20163
20163
20163
20163
20163
20163
20164
20164
20164
20164
20164
20164
20164
20165
20165
20165
20165
20165
20165
20166
20166
20167
20167
20167
20167
20167
20167
20168
20168
20168
20168
20168
20168
20168
20169
20169
20169
20169
20169
20169
20169
20169
20169
20169
20169
20169
20170
20170
20170
20170
20170
20170
20171
20171
20171
20171
20171
20171
20171
20172
20172
20172
20172
20172
20172
20173
20173
20173
20173
20173
20173
20174
20174
20174
20174
20174
20175
20175
20175
20175
20175
20175
20175
20176
20176
20176
20176
20176
20176
20176
20176
20176
20176
20177
20177
20177
20177
20177
20177
20177
20177
20177
20177
20177
20177
20178
20178
20178
20178
20178
20178
20179
20179
20179
20179
20179
20179
20179
20179
20180
20180
20181
20181
20181
20181
20181
20181
20182
20182
20182
20182
20182
20183
20183
20183
20183
20183
20184
20184
20184
20184
20184
20184
20184
20185
20185
20185
20185
20185
20185
20185
20185
20185
20185
20185
20185
20186
20186
20186
20186
20186
20186
20187
20187
20187
20187
20188
20188
20188
20188
20188
20188
20188
20188
20188
20189
20189
20189
20189
20189
20190
20190
20190
20191
20191
20191
20191
20191
20192
20192
20192
20192
20192
20192
20192
20193
20193
20193
20193
20193
20194
20194
20194
20194
20194
20194
20194
20194
20195
20195
20195
20195
20196
20196
20196
20196
20196
20196
20196
20196
20196
20196
20197
20197
20197
20197
20197
20198
20198
20198
20198
20198
20198
20198
20199
20199
20199
20199
20199
20199
20199
20200
20200
20200
20200
20200
20200
20201
20201
20202
20202
20202
20202
20202
20202
20202
20202
20203
20203
20203
20203
20204
20204
20204
20204
20204
20204
20204
20204
20205
20205
20205
20205
20205
20206
20206
20206
20206
20206
20206
20206
20206
20206
20206
20206
20206
20206
20206
20206
20207
20207
20207
20207
20208
20208
20208
20208
20208
20208
20208
20208
20208
20209
20209
20209
20209
20209
20209
20209
20209
20209
20209
20209
20210
20210
20210
20210
20210
20210
20210
20210
20211
20211
20211
20211
20211
20211
20211
20211
20212
20212
20212
20212
20212
20213
20213
20213
20213
20213
20213
20213
20213
20213
20213
20214
20215
20215
20215
20215
20215
20215
20215
20215
20215
20215
20215
20215
20216
20216
20216
20216
20217
20218
20218
20218
20218
20218
20218
20218
20219
20219
20219
20219
20220
20220
20220
20220
20220
20220
20221
20221
20221
20221
20221
20221
20222
20222
20223
20223
20223
20223
20223
20223
20223
20223
20224
20224
20224
20224
20224
20225
20225
20225
20225
20225
20225
20225
20225
20226
20226
20226
20227
20227
20227
20228
20228
20228
20228
20228
20228
20228
20228
20229
20229
20229
20229
20229
20229
20230
20230
20230
20230
20231
20231
20231
20231
20231
20231
20231
20231
20232
20232
20233
20233
20233
20233
20233
20233
20233
20233
20234
20234
20234
20234
20234
20234
20234
20234
20235
20235
20235
20235
20235
20235
20235
20236
20236
20236
20237
20237
20237
20237
20237
20237
20237
20238
20238
20238
20238
20238
20239
20239
20239
20239
20239
20239
20240
20240
20240
20241
20241
20241
20241
20241
20241
20241
20241
20242
20242
20242
20243
20243
20243
20243
20243
20244
20244
20244
20244
20244
20244
20244
20244
20245
20245
20245
20245
20245
20246
20246
20246
20247
20247
20247
20248
20248
20248
20248
20249
20249
20249
20249
20249
20249
20250
20250
20250
20250
20250
20250
20250
20250
20251
20251
20251
20251
20252
20252
20252
20252
20252
20252
20253
20253
20253
20253
20253
20253
20253
20253
20254
20254
20254
20254
20254
20254
20254
20255
20255
20255
20255
20256
20256
20256
20256
20256
20257
20257
20257
20258
20258
20258
20259
20259
20259
20259
20259
20259
20259
20260
20260
20260
20260
20260
20260
20260
20260
20262
20262
20262
20263
20263
20263
20263
20264
20264
20264
20264
20264
20265
20265
20266
20266
20267
20267
20267
20267
20267
20267
20267
20267
20268
20268
20268
20268
20269
20269
20269
20269
20270
20270
20270
20270
20270
20270
20270
20270
20271
20271
20271
20272
20272
20272
20272
20272
20273
20273
20273
20273
20273
20274
20274
20274
20274
20275
20276
20276
20277
20277
20277
20277
20277
20278
20278
20278
20278
20278
20278
20278
20279
20279
20279
20280
20280
20280
20280
20280
20281
20281
20281
20282
20282
20282
20282
20282
20282
20283
20283
20283
20283
20283
20283
20284
20284
20284
20284
20284
20284
20285
20285
20285
20285
20285
20285
20285
20286
20286
20286
20286
20286
20286
20287
20287
20287
20287
20287
20288
20288
20288
20289
20289
20289
20289
20289
20289
20289
20289
20290
20290
20290
20290
20290
20291
20291
20291
20292
20292
20292
20292
20292
20292
20292
20292
20293
20293
20293
20293
20293
20293
20294
20294
20294
20295
20295
20295
20295
20295
20295
20296
20296
20296
20296
20296
20296
20296
20296
20297
20297
20297
20297
20297
20297
20297
20297
20298
20298
20298
20299
20299
20299
20299
20300
20300
20300
20301
20301
20301
20301
20301
20301
20301
20301
20302
20302
20302
20302
20303
20303
20303
20303
20303
20303
20304
20304
20304
20304
20304
20304
20304
20305
20305
20305
20305
20305
20306
20306
20306
20306
20306
20306
20306
20306
20306
20307
20307
20307
20308
20308
20308
20308
20308
20308
20308
20308
20308
20309
20309
20309
20310
20310
20310
20310
20310
20311
20311
20311
20311
20311
20311
20312
20312
20312
20312
20312
20312
20312
20313
20313
20313
20313
20313
20313
20314
20314
20314
20315
20315
20315
20316
20316
20316
20316
20316
20316
20317
20317
20317
20317
20317
20317
20317
20317
20317
20318
20318
20318
20318
20318
20319
20319
20319
20320
20320
20320
20321
20321
20321
20321
20322
20322
20322
20322
20323
20323
20323
20323
20323
20323
20323
20323
20323
20323
20324
20324
20324
20324
20324
20324
20324
20324
20325
20325
20325
20325
20325
20325
20325
20325
20326
20326
20326
20326
20326
20326
20326
20326
20326
20327
20327
20327
20327
20327
20328
20328
20328
20328
20328
20329
20329
20329
20329
20329
20329
20329
20330
20330
20330
20330
20330
20331
20331
20331
20331
20331
20331
20332
20332
20332
20333
20333
20333
20333
20333
20333
20333
20333
20333
20333
20334
20334
20334
20334
20334
20335
20335
20335
20336
20336
20336
20336
20336
20336
20337
20337
20338
20338
20338
20339
20339
20339
20339
20340
20340
20341
20341
20341
20341
20341
20341
20341
20341
20341
20341
20341
20342
20342
20342
20342
20343
20343
20343
20343
20343
20344
20344
20344
20344
20344
20344
20345
20345
20345
20345
20345
20345
20345
20346
20346
20346
20346
20347
20347
20347
20347
20347
20347
20348
20348
20348
20348
20349
20349
20349
20350
20350
20350
20350
20350
20351
20351
20351
20351
20351
20351
20351
20352
20352
20352
20352
20352
20352
20353
20354
20354
20354
20354
20354
20355
20355
20355
20355
20355
20355
20355
20355
20356
20356
20356
20356
20357
20358
20358
20358
20358
20358
20358
20359
20359
20359
20360
20360
20360
20360
20360
20360
20361
20361
20362
20362
20362
20362
20363
20363
20363
20363
20363
20363
20363
20363
20364
20364
20364
20364
20364
20364
20364
20365
20365
20365
20365
20365
20366
20366
20366
20366
20366
20367
20367
20367
20367
20367
20367
20367
20368
20368
20368
20368
20368
20368
20368
20369
20369
20369
20369
20369
20369
20369
20369
20369
20370
20371
20371
20371
20372
20372
20372
20373
20373
20373
20373
20374
20374
20374
20374
20374
20374
20374
20375
20375
20375
20376
20376
20376
20376
20376
20377
20377
20377
20377
20377
20377
20377
20378
20378
20379
20379
20380
20380
20380
20380
20380
20380
20380
20380
20381
20381
20381
20381
20381
20382
20382
20383
20383
20383
20383
20384
20384
20384
20385
20385
20385
20385
20385
20385
20386
20386
20386
20386
20386
20386
20387
20387
20387
20387
20388
20388
20388
20388
20388
20388
20389
20389
20389
20390
20390
20390
20390
20391
20391
20391
20391
20391
20391
20391
20391
20391
20392
20392
20392
20392
20392
20392
20392
20392
20393
20393
20393
20393
20393
20393
20394
20394
20394
20394
20394
20394
20395
20395
20395
20396
20396
20396
20396
20396
20396
20396
20397
20397
20397
20397
20397
20398
20398
20398
20399
20399
20399
20399
20399
20399
20399
20399
20399
20400
20400
20400
20400
20400
20400
20401
20401
20401
20401
20402
20403
20403
20403
20403
20403
20404
20404
20404
20404
20405
20405
20405
20405
20405
20406
20406
20406
20406
20406
20406
20407
20407
20407
20407
20407
20408
20408
20409
20409
20409
20409
20409
20409
20409
20410
20410
20410
20410
20411
20411
20411
20411
20412
20412
20413
20413
20413
20413
20414
20414
20414
20414
20414
20415
20415
20415
20415
20415
20415
20416
20416
20416
20416
20416
20416
20416
20416
20417
20417
20417
20417
20418
20418
20418
20418
20418
20418
20419
20419
20420
20420
20420
20420
20420
20421
20421
20421
20421
20421
20421
20422
20422
20422
20422
20422
20423
20423
20423
20424
20424
20424
20424
20424
20424
20425
20425
20425
20425
20425
20425
20425
20425
20426
20426
20426
20426
20426
20426
20427
20427
20427
20427
20427
20428
20428
20428
20428
20429
20429
20429
20429
20429
20430
20430
20430
20431
20431
20431
20431
20431
20431
20432
20433
20433
20433
20434
20434
20434
20434
20434
20434
20435
20435
20435
20435
20435
20435
20435
20436
20437
20437
20437
20437
20438
20438
20438
20438
20438
20439
20439
20439
20439
20439
20439
20439
20439
20439
20439
20440
20440
20440
20440
20441
20441
20441
20442
20442
20442
20442
20442
20444
20444
20444
20445
20445
20445
20445
20445
20445
20445
20445
20446
20446
20447
20447
20447
20447
20447
20447
20447
20448
20448
20448
20448
20448
20448
20449
20449
20449
20449
20449
20450
20450
20450
20451
20451
20451
20452
20452
20452
20452
20452
20452
20453
20453
20453
20453
20453
20454
20454
20454
20454
20454
20454
20454
20454
20455
20455
20455
20455
20455
20456
20456
20456
20456
20456
20457
20458
20458
20458
20458
20458
20459
20459
20459
20459
20459
20459
20460
20460
20460
20460
20460
20461
20461
20462
20463
20463
20463
20464
20464
20464
20464
20465
20465
20465
20465
20466
20466
20467
20467
20467
20468
20468
20468
20468
20468
20469
20469
20469
20469
20469
20469
20469
20469
20469
20469
20470
20471
20471
20471
20471
20471
20471
20472
20472
20472
20472
20472
20472
20473
20473
20473
20473
20473
20473
20473
20474
20474
20474
20475
20475
20475
20476
20476
20476
20477
20477
20477
20477
20477
20477
20477
20478
20478
20478
20479
20480
20481
20481
20481
20481
20481
20481
20481
20482
20482
20483
20483
20483
20484
20484
20484
20485
20485
20485
20485
20485
20486
20486
20487
20487
20487
20488
20488
20488
20488
20488
20488
20488
20488
20488
20488
20489
20489
20489
20490
20490
20490
20490
20490
20490
20490
20490
20491
20491
20492
20492
20492
20493
20493
20493
20493
20493
20493
20493
20494
20494
20495
20495
20495
20495
20495
20495
20495
20495
20495
20495
20496
20496
20496
20496
20497
20497
20498
20498
20499
20499
20499
20500
20500
20500
20500
20500
20501
20501
20502
20502
20502
20503
20503
20503
20504
20504
20504
20505
20505
20505
20505
20505
20505
20505
20506
20506
20506
20506
20506
20506
20507
20507
20507
20507
20507
20507
20507
20507
20507
20508
20508
20508
20508
20509
20509
20509
20509
20509
20509
20510
20510
20511
20511
20511
20511
20511
20511
20511
20511
20511
20512
20512
20512
20512
20512
20512
20512
20512
20512
20513
20513
20513
20513
20513
20514
20514
20515
20515
20515
20516
20516
20516
20516
20516
20517
20517
20517
20517
20517
20518
20518
20518
20518
20519
20519
20519
20519
20519
20520
20520
20520
20521
20522
20522
20522
20522
20522
20522
20522
20522
20523
20523
20523
20523
20523
20523
20523
20523
20524
20524
20524
20525
20525
20525
20525
20525
20525
20526
20526
20526
20526
20527
20527
20527
20527
20527
20528
20528
20528
20529
20529
20529
20529
20530
20530
20530
20530
20530
20530
20531
20531
20531
20531
20531
20532
20532
20532
20533
20533
20533
20533
20533
20533
20533
20534
20534
20534
20534
20534
20534
20534
20534
20534
20534
20534
20534
20535
20535
20535
20535
20536
20536
20536
20536
20537
20537
20537
20537
20537
20538
20538
20538
20538
20538
20539
20540
20540
20540
20540
20541
20541
20541
20541
20541
20541
20542
20542
20542
20542
20542
20543
20543
20543
20543
20543
20544
20544
20544
20545
20545
20545
20545
20546
20546
20546
20546
20547
20548
20548
20548
20548
20549
20549
20549
20549
20549
20549
20550
20550
20550
20551
20551
20551
20551
20551
20551
20552
20552
20552
20552
20553
20553
20554
20554
20554
20554
20555
20555
20555
20555
20556
20557
20557
20557
20558
20559
20559
20559
20559
20559
20560
20560
20560
20560
20561
20561
20562
20562
20562
20562
20562
20562
20562
20562
20563
20563
20563
20563
20563
20564
20564
20564
20564
20565
20565
20565
20565
20565
20566
20566
20566
20566
20567
20567
20567
20567
20567
20568
20569
20569
20569
20569
20570
20570
20570
20570
20570
20571
20571
20571
20571
20571
20572
20572
20572
20572
20572
20573
20574
20574
20574
20574
20574
20575
20575
20575
20576
20576
20576
20576
20577
20577
20577
20577
20577
20578
20578
20578
20578
20578
20578
20579
20579
20579
20579
20579
20579
20579
20580
20580
20581
20581
20581
20582
20582
20582
20583
20583
20583
20583
20584
20584
20584
20585
20585
20586
20586
20586
20587
20588
20588
20588
20589
20589
20590
20590
20590
20591
20591
20591
20591
20591
20591
20591
20591
20591
20592
20592
20592
20593
20593
20593
20593
20593
20594
20594
20594
20595
20595
20595
20595
20596
20596
20596
20596
20596
20597
20597
20597
20597
20597
20597
20597
20597
20598
20598
20598
20598
20598
20598
20598
20599
20599
20599
20600
20601
20602
20602
20603
20603
20603
20604
20604
20604
20604
20605
20605
20605
20605
20606
20606
20606
20607
20607
20607
20607
20608
20608
20608
20609
20609
20609
20609
20609
20609
20609
20610
20610
20610
20610
20611
20611
20611
20612
20612
20612
20612
20612
20612
20612
20612
20612
20612
20613
20613
20613
20613
20613
20613
20614
20614
20614
20614
20614
20614
20615
20615
20616
20616
20616
20617
20617
20617
20618
20618
20618
20618
20618
20619
20619
20619
20620
20620
20621
20622
20622
20622
20623
20623
20623
20623
20623
20624
20624
20624
20625
20625
20625
20626
20626
20626
20626
20626
20627
20627
20627
20627
20628
20628
20628
20628
20628
20628
20629
20629
20630
20630
20630
20630
20630
20630
20630
20631
20631
20631
20631
20632
20632
20632
20632
20632
20633
20633
20633
20633
20634
20634
20634
20634
20634
20635
20635
20635
20635
20636
20636
20636
20636
20636
20636
20636
20637
20637
20637
20637
20638
20638
20638
20638
20638
20638
20639
20639
20639
20639
20640
20640
20640
20640
20640
20640
20640
20641
20641
20642
20642
20642
20642
20642
20643
20643
20643
20644
20644
20644
20644
20644
20645
20645
20645
20646
20646
20647
20647
20647
20647
20647
20648
20648
20648
20648
20648
20648
20648
20649
20649
20649
20649
20650
20650
20650
20651
20652
20653
20654
20654
20655
20655
20656
20656
20656
20657
20657
20658
20659
20659
20659
20659
20660
20660
20660
20660
20660
20660
20661
20661
20661
20661
20662
20662
20663
20663
20664
20664
20664
20664
20665
20665
20665
20665
20665
20666
20666
20666
20666
20666
20667
20667
20667
20668
20668
20669
20670
20670
20670
20670
20671
20671
20671
20671
20671
20674
20674
20674
20674
20674
20675
20675
20675
20675
20676
20676
20676
20676
20676
20676
20677
20677
20677
20678
20678
20678
20678
20679
20679
20679
20679
20680
20680
20681
20681
20681
20682
20682
20682
20682
20683
20683
20683
20683
20683
20684
20684
20684
20685
20686
20686
20686
20687
20687
20687
20688
20688
20688
20689
20689
20689
20689
20690
20691
20691
20692
20692
20692
20693
20694
20694
20695
20696
20696
20696
20696
20697
20697
20697
20697
20697
20697
20698
20698
20698
20698
20699
20699
20699
20701
20701
20702
20702
20703
20703
20704
20704
20704
20704
20704
20704
20705
20705
20705
20706
20707
20707
20707
20707
20707
20708
20708
20708
20708
20708
20708
20710
20710
20710
20710
20711
20711
20711
20711
20711
20711
20711
20712
20712
20712
20713
20713
20713
20713
20713
20714
20714
20714
20714
20714
20715
20715
20716
20716
20717
20717
20717
20717
20718
20718
20718
20718
20719
20719
20719
20719
20719
20720
20720
20720
20720
20720
20723
20723
20723
20723
20723
20724
20724
20725
20725
20725
20725
20725
20726
20726
20727
20727
20727
20727
20728
20728
20728
20728
20728
20728
20728
20729
20729
20729
20729
20730
20730
20730
20731
20731
20732
20732
20732
20732
20733
20733
20733
20733
20733
20734
20735
20735
20735
20736
20736
20736
20737
20737
20737
20737
20737
20738
20738
20738
20738
20739
20740
20741
20741
20741
20742
20742
20743
20743
20743
20743
20743
20743
20744
20744
20744
20744
20744
20744
20745
20745
20745
20746
20747
20747
20747
20747
20748
20749
20749
20749
20750
20751
20751
20751
20752
20752
20752
20752
20752
20752
20752
20752
20752
20752
20753
20753
20753
20754
20754
20754
20754
20754
20755
20755
20756
20756
20757
20757
20757
20758
20758
20759
20759
20759
20759
20760
20760
20760
20761
20761
20761
20761
20761
20761
20762
20762
20762
20763
20763
20764
20764
20764
20764
20764
20765
20765
20765
20766
20766
20766
20766
20767
20767
20767
20768
20768
20769
20769
20769
20770
20770
20770
20770
20771
20772
20772
20772
20772
20773
20773
20774
20774
20774
20775
20775
20775
20775
20775
20775
20776
20777
20778
20778
20778
20779
20779
20779
20780
20780
20780
20780
20782
20782
20783
20783
20783
20784
20784
20784
20785
20785
20786
20786
20786
20786
20786
20786
20788
20788
20788
20789
20790
20791
20791
20791
20791
20791
20792
20792
20793
20794
20794
20795
20795
20795
20795
20796
20796
20796
20797
20797
20798
20798
20798
20800
20800
20801
20802
20803
20805
20805
20806
20806
20807
20807
20808
20808
20809
20809
20809
20809
20809
20809
20812
20812
20812
20812
20813
20813
20814
20814
20814
20814
20815
20815
20815
20817
20817
20817
20817
20817
20818
20818
20819
20819
20820
20820
20820
20820
20821
20821
20821
20822
20824
20824
20824
20825
20825
20826
20826
20826
20826
20826
20826
20827
20827
20827
20828
20828
20828
20829
20829
20829
20829
20829
20830
20830
20831
20831
20831
20831
20831
20831
20831
20832
20832
20832
20833
20833
20834
20835
20835
20835
20835
20835
20835
20835
20837
20837
20837
20837
20838
20838
20839
20839
20839
20839
20839
20840
20841
20842
20842
20842
20842
20843
20843
20843
20844
20845
20845
20845
20845
20845
20845
20846
20846
20846
20846
20847
20847
20848
20848
20848
20848
20849
20849
20849
20849
20849
20849
20849
20850
20850
20851
20851
20852
20853
20853
20853
20853
20853
20854
20854
20855
20856
20856
20856
20856
20856
20857
20858
20858
20858
20858
20859
20859
20859
20859
20859
20859
20860
20860
20861
20862
20862
20863
20863
20864
20864
20864
20864
20865
20866
20866
20866
20866
20866
20866
20867
20867
20868
20868
20868
20869
20869
20869
20870
20872
20872
20873
20874
20874
20875
20875
20875
20876
20876
20877
20878
20878
20878
20879
20880
20880
20881
20881
20882
20882
20882
20883
20883
20883
20883
20885
20885
20886
20886
20886
20887
20887
20889
20889
20889
20889
20889
20890
20891
20891
20892
20893
20893
20893
20894
20895
20895
20896
20896
20896
20896
20897
20899
20899
20899
20899
20900
20900
20901
20901
20902
20903
20904
20904
20904
20904
20904
20905
20905
20906
20906
20906
20906
20906
20907
20907
20908
20908
20908
20910
20912
20914
20914
20915
20915
20915
20915
20915
20915
20916
20916
20916
20916
20916
20918
20918
20918
20919
20919
20919
20919
20919
20920
20921
20922
20922
20923
20923
20924
20924
20924
20924
20925
20925
20926
20926
20927
20927
20928
20929
20930
20931
20931
20931
20931
20934
20934
20935
20935
20935
20935
20936
20937
20937
20937
20938
20938
20939
20940
20940
20940
20941
20942
20942
20942
20943
20943
20944
20944
20944
20945
20945
20945
20945
20946
20946
20946
20947
20947
20947
20948
20949
20949
20950
20952
20955
20955
20955
20956
20956
20957
20957
20958
20958
20959
20959
20960
20960
20961
20962
20962
20962
20962
20963
20963
20964
20965
20965
20965
20965
20966
20967
20967
20970
20970
20970
20971
20971
20972
20972
20972
20972
20974
20974
20974
20974
20976
20977
20978
20981
20982
20983
20983
20983
20984
20985
20986
20988
20988
20988
20988
20989
20989
20991
20991
20991
20992
20992
20992
20992
20994
20995
20996
20997
20998
20998
20999
20999
20999
20999
20999
20999
20999
21000
21000
21000
21000
21000
21001
21005
21005
21005
21006
21006
21007
21008
21008
21008
21009
21009
21011
21011
21012
21013
21013
21013
21013
21014
21015
21015
21016
21017
21017
21017
21018
21018
21018
21018
21019
21020
21020
21020
21020
21020
21022
21022
21023
21023
21024
21025
21027
21027
21027
21028
21028
21029
21029
21029
21029
21031
21031
21031
21032
21034
21036
21036
21037
21039
21040
21040
21040
21041
21043
21045
21045
21045
21046
21046
21047
21048
21048
21049
21049
21049
21049
21050
21050
21050
21050
21051
21051
21051
21053
21053
21053
21053
21054
21054
21055
21056
21056
21057
21057
21058
21059
21061
21062
21063
21064
21064
21065
21065
21065
21066
21067
21067
21068
21069
21071
21072
21073
21073
21073
21073
21073
21073
21074
21074
21075
21076
21076
21077
21077
21077
21077
21077
21078
21078
21078
21078
21080
21080
21080
21081
21081
21082
21082
21082
21082
21082
21083
21084
21085
21086
21086
21087
21089
21089
21090
21093
21093
21093
21093
21093
21094
21094
21095
21095
21096
21096
21096
21100
21101
21101
21102
21103
21103
21104
21105
21106
21106
21107
21107
21107
21108
21110
21111
21113
21114
21115
21116
21116
21116
21117
21117
21119
21119
21119
21121
21123
21123
21124
21125
21127
21128
21129
21131
21131
21131
21133
21134
21135
21135
21136
21136
21136
21136
21136
21139
21140
21141
21141
21141
21142
21145
21145
21146
21146
21147
21148
21148
21148
21149
21149
21149
21150
21150
21151
21151
21152
21153
21153
21155
21156
21156
21156
21156
21157
21159
21160
21162
21162
21162
21163
21164
21164
21165
21165
21166
21167
21168
21169
21171
21171
21171
21172
21174
21174
21175
21175
21175
21176
21176
21178
21179
21179
21179
21181
21182
21183
21184
21184
21184
21185
21186
21188
21188
21188
21188
21190
21190
21191
21191
21191
21192
21192
21193
21193
21195
21195
21196
21197
21198
21199
21200
21200
21200
21201
21201
21203
21203
21204
21204
21204
21205
21205
21206
21207
21207
21208
21209
21210
21210
21211
21213
21216
21219
21220
21223
21224
21224
21225
21226
21226
21227
21228
21230
21230
21231
21231
21233
21234
21234
21235
21236
21238
21238
21238
21239
21239
21242
21242
21243
21243
21243
21243
21244
21245
21245
21246
21247
21248
21248
21248
21249
21249
21250
21250
21252
21253
21255
21255
21257
21258
21258
21259
21261
21261
21263
21264
21265
21268
21269
21269
21270
21271
21272
21273
21273
21274
21278
21281
21283
21286
21287
21287
21288
21289
21290
21290
21291
21292
21292
21296
21296
21297
21297
21299
21300
21301
21302
21307
21307
21307
21310
21312
21312
21313
21314
21316
21318
21321
21322
21322
21323
21324
21324
21324
21324
21325
21326
21329
21331
21331
21332
21334
21334
21335
21336
21338
21341
21344
21344
21345
21345
21345
21346
21347
21349
21350
21353
21356
21356
21358
21359
21362
21364
21365
21365
21369
21370
21370
21376
21376
21376
21388
21390
21390
21390
21390
21391
21391
21391
21392
21394
21398
21400
21402
21402
21402
21403
21404
21405
21407
21409
21410
21411
21412
21415
21417
21418
21420
21420
21423
21426
21428
21430
21431
21432
21435
21436
21440
21442
21444
21445
21445
21448
21448
21449
21449
21451
21452
21452
21459
21461
21463
21464
21470
21471
21472
21474
21476
21478
21480
21486
21490
21491
21492
21493
21494
21500
21501
21501
21502
21502
21503
21504
21505
21506
21516
21518
21527
21531
21532
21536
21538
21538
21538
21541
21541
21542
21544
21547
21560
21573
21587
21590
21597
21598
21602
21602
21606
21610
21615
21616
21620
21622
21624
21629
21633
21640
21640
21643
21659
21659
21660
21662
21663
21669
21678
21679
21682
21684
21696
21707
21709
21713
21714
21721
21733
21736
21737
21737
21759
21762
21764
21766
21768
21786
21805
21826
21831
21831
21836
21846
21849
21857
21858
21876
21877
21894
21913
21927
21931
21933
21935
21972
21974
21984
21984
22012
22048
22080
22080
22095
22109
22112
22193
22200
22211
22225
22233
22250
22313
22342
22344


##################################################
# Source: simulated with size = 20000
# Parameters: M=1..1000 ; S=10000
############################################################
# M | Exact N | Avg over S estimates with M hashes each time
############################################################
2  20000  19409
3  20000  20138
4  20000  20124
5  20000  20031
6  20000  19988
7  20000  19994
8  20000  19971
9  20000  19984
10  20000  19966
11  20000  19957
12  20000  19962
13  20000  19957
14  20000  20000
15  20000  20008
16  20000  20008
17  20000  20006
18  20000  20027
19  20000  20018
20  20000  20007
21  20000  20018
22  20000  20017
23  20000  20013
24  20000  20013
25  20000  20014
26  20000  20005
27  20000  20010
28  20000  20011
29  20000  20014
30  20000  20010
31  20000  20013
32  20000  20007
33  20000  20005
34  20000  20016
35  20000  20022
36  20000  20013
37  20000  20018
38  20000  20015
39  20000  20025
40  20000  20024
41  20000  20029
42  20000  20025
43  20000  20024
44  20000  20030
45  20000  20028
46  20000  20025
47  20000  20023
48  20000  20030
49  20000  20032
50  20000  20026
51  20000  20027
52  20000  20023
53  20000  20024
54  20000  20026
55  20000  20021
56  20000  20011
57  20000  20003
58  20000  20003
59  20000  20004
60  20000  20004
61  20000  20003
62  20000  20004
63  20000  20005
64  20000  20003
65  20000  20007
66  20000  20010
67  20000  20009
68  20000  20011
69  20000  20014
70  20000  20013
71  20000  20012
72  20000  20015
73  20000  20014
74  20000  20013
75  20000  20015
76  20000  20014
77  20000  20014
78  20000  20014
79  20000  20015
80  20000  20015
81  20000  20014
82  20000  20015
83  20000  20008
84  20000  20008
85  20000  20006
86  20000  20004
87  20000  20002
88  20000  20006
89  20000  20007
90  20000  20006
91  20000  20007
92  20000  20007
93  20000  20005
94  20000  20002
95  20000  20002
96  20000  20006
97  20000  20008
98  20000  20006
99  20000  20007
100  20000  20005
101  20000  20004
102  20000  20000
103  20000  19995
104  20000  19996
105  20000  19998
106  20000  19998
107  20000  20000
108  20000  20001
109  20000  19999
110  20000  19999
111  20000  19998
112  20000  20001
113  20000  20000
114  20000  20002
115  20000  19999
116  20000  20000
117  20000  20000
118  20000  20001
119  20000  20004
120  20000  20006
121  20000  20007
122  20000  20008
123  20000  20008
124  20000  20008
125  20000  20009
126  20000  20011
127  20000  20009
128  20000  20011
129  20000  20013
130  20000  20014
131  20000  20014
132  20000  20014
133  20000  20015
134  20000  20016
135  20000  20010
136  20000  20010
137  20000  20010
138  20000  20009
139  20000  20009
140  20000  20008
141  20000  20006
142  20000  20005
143  20000  20004
144  20000  20003
145  20000  20003
146  20000  19999
147  20000  20000
148  20000  19999
149  20000  20000
150  20000  20000
151  20000  20001
152  20000  20002
153  20000  20001
154  20000  20001
155  20000  20001
156  20000  19999
157  20000  19998
158  20000  19997
159  20000  19997
160  20000  19996
161  20000  19995
162  20000  19995
163  20000  19995
164  20000  19995
165  20000  19992
166  20000  19991
167  20000  19993
168  20000  19991
169  20000  19990
170  20000  19989
171  20000  19989
172  20000  19988
173  20000  19988
174  20000  19988
175  20000  19986
176  20000  19985
177  20000  19985
178  20000  19985
179  20000  19983
180  20000  19983
181  20000  19983
182  20000  19983
183  20000  19984
184  20000  19984
185  20000  19985
186  20000  19985
187  20000  19984
188  20000  19983
189  20000  19984
190  20000  19984
191  20000  19984
192  20000  19984
193  20000  19984
194  20000  19984
195  20000  19985
196  20000  19983
197  20000  19984
198  20000  19983
199  20000  19983
200  20000  19982
201  20000  19982
202  20000  19981
203  20000  19980
204  20000  19979
205  20000  19980
206  20000  19978
207  20000  19979
208  20000  19978
209  20000  19978
210  20000  19978
211  20000  19979
212  20000  19978
213  20000  19978
214  20000  19978
215  20000  19978
216  20000  19978
217  20000  19978
218  20000  19977
219  20000  19977
220  20000  19978
221  20000  19980
222  20000  19980
223  20000  19978
224  20000  19978
225  20000  19977
226  20000  19977
227  20000  19977
228  20000  19977
229  20000  19978
230  20000  19979
231  20000  19980
232  20000  19981
233  20000  19981
234  20000  19981
235  20000  19981
236  20000  19981
237  20000  19981
238  20000  19982
239  20000  19984
240  20000  19983
241  20000  19984
242  20000  19985
243  20000  19985
244  20000  19986
245  20000  19986
246  20000  19987
247  20000  19986
248  20000  19987
249  20000  19986
250  20000  19986
251  20000  19986
252  20000  19986
253  20000  19986
254  20000  19986
255  20000  19986
256  20000  19985
257  20000  19986
258  20000  19985
259  20000  19986
260  20000  19986
261  20000  19986
262  20000  19987
263  20000  19988
264  20000  19987
265  20000  19988
266  20000  19988
267  20000  19988
268  20000  19989
269  20000  19988
270  20000  19987
271  20000  19987
272  20000  19987
273  20000  19988
274  20000  19988
275  20000  19989
276  20000  19989
277  20000  19990
278  20000  19989
279  20000  19989
280  20000  19990
281  20000  19991
282  20000  19990
283  20000  19991
284  20000  19990
285  20000  19989
286  20000  19990
287  20000  19989
288  20000  19989
289  20000  19989
290  20000  19989
291  20000  19989
292  20000  19988
293  20000  19988
294  20000  19988
295  20000  19987
296  20000  19987
297  20000  19987
298  20000  19986
299  20000  19985
300  20000  19985
301  20000  19985
302  20000  19985
303  20000  19986
304  20000  19987
305  20000  19987
306  20000  19987
307  20000  19988
308  20000  19987
309  20000  19987
310  20000  19987
311  20000  19987
312  20000  19987
313  20000  19987
314  20000  19988
315  20000  19988
316  20000  19988
317  20000  19987
318  20000  19988
319  20000  19988
320  20000  19987
321  20000  19987
322  20000  19987
323  20000  19988
324  20000  19988
325  20000  19987
326  20000  19987
327  20000  19988
328  20000  19988
329  20000  19988
330  20000  19988
331  20000  19988
332  20000  19987
333  20000  19988
334  20000  19988
335  20000  19988
336  20000  19988
337  20000  19988
338  20000  19989
339  20000  19989
340  20000  19990
341  20000  19990
342  20000  19990
343  20000  19990
344  20000  19990
345  20000  19991
346  20000  19990
347  20000  19991
348  20000  19991
349  20000  19990
350  20000  19990
351  20000  19990
352  20000  19990
353  20000  19990
354  20000  19991
355  20000  19991
356  20000  19991
357  20000  19990
358  20000  19991
359  20000  19992
360  20000  19992
361  20000  19993
362  20000  19992
363  20000  19992
364  20000  19993
365  20000  19993
366  20000  19993
367  20000  19992
368  20000  19993
369  20000  19992
370  20000  19993
371  20000  19993
372  20000  19993
373  20000  19992
374  20000  19992
375  20000  19992
376  20000  19992
377  20000  19992
378  20000  19992
379  20000  19992
380  20000  19993
381  20000  19993
382  20000  19993
383  20000  19994
384  20000  19993
385  20000  19993
386  20000  19994
387  20000  19995
388  20000  19994
389  20000  19994
390  20000  19994
391  20000  19994
392  20000  19994
393  20000  19994
394  20000  19994
395  20000  19995
396  20000  19994
397  20000  19995
398  20000  19995
399  20000  19994
400  20000  19994
401  20000  19994
402  20000  19995
403  20000  19995
404  20000  19996
405  20000  19995
406  20000  19995
407  20000  19994
408  20000  19994
409  20000  19994
410  20000  19995
411  20000  19996
412  20000  19995
413  20000  19995
414  20000  19995
415  20000  19995
416  20000  19995
417  20000  19995
418  20000  19995
419  20000  19996
420  20000  19995
421  20000  19995
422  20000  19995
423  20000  19996
424  20000  19997
425  20000  19997
426  20000  19997
427  20000  19996
428  20000  19996
429  20000  19996
430  20000  19997
431  20000  19997
432  20000  19997
433  20000  19997
434  20000  19997
435  20000  19996
436  20000  19997
437  20000  19998
438  20000  19998
439  20000  19999
440  20000  19999
441  20000  19999
442  20000  20000
443  20000  20000
444  20000  20000
445  20000  20000
446  20000  20000
447  20000  20000
448  20000  19999
449  20000  20000
450  20000  20000
451  20000  19999
452  20000  20000
453  20000  19999
454  20000  19999
455  20000  19999
456  20000  20000
457  20000  19999
458  20000  20000
459  20000  20000
460  20000  19999
461  20000  19999
462  20000  19999
463  20000  19998
464  20000  19998
465  20000  19998
466  20000  19998
467  20000  19999
468  20000  19999
469  20000  19998
470  20000  19998
471  20000  19998
472  20000  19998
473  20000  19999
474  20000  19999
475  20000  19999
476  20000  19998
477  20000  19998
478  20000  19999
479  20000  19998
480  20000  19998
481  20000  19998
482  20000  19998
483  20000  19998
484  20000  19998
485  20000  19998
486  20000  19999
487  20000  19999
488  20000  19999
489  20000  19999
490  20000  19999
491  20000  19999
492  20000  19998
493  20000  19998
494  20000  19998
495  20000  19998
496  20000  19997
497  20000  19997
498  20000  19997
499  20000  19997
500  20000  19997
501  20000  19997
502  20000  19996
503  20000  19997
504  20000  19997
505  20000  19997
506  20000  19996
507  20000  19996
508  20000  19996
509  20000  19996
510  20000  19996
511  20000  19997
512  20000  19997
513  20000  19997
514  20000  19997
515  20000  19997
516  20000  19997
517  20000  19997
518  20000  19997
519  20000  19997
520  20000  19997
521  20000  19997
522  20000  19998
523  20000  19997
524  20000  19998
525  20000  19998
526  20000  19998
527  20000  19999
528  20000  19999
529  20000  19998
530  20000  19998
531  20000  19999
532  20000  19998
533  20000  19999
534  20000  19998
535  20000  19998
536  20000  19998
537  20000  19998
538  20000  19998
539  20000  19999
540  20000  19999
541  20000  19999
542  20000  19999
543  20000  19999
544  20000  19998
545  20000  19999
546  20000  19999
547  20000  20000
548  20000  20000
549  20000  19999
550  20000  19999
551  20000  20000
552  20000  19999
553  20000  20000
554  20000  20000
555  20000  20000
556  20000  20000
557  20000  19999
558  20000  19999
559  20000  20000
560  20000  20000
561  20000  20001
562  20000  20000
563  20000  19999
564  20000  19999
565  20000  19999
566  20000  20000
567  20000  20000
568  20000  20000
569  20000  20000
570  20000  20000
571  20000  20001
572  20000  20001
573  20000  20001
574  20000  20000
575  20000  20000
576  20000  20000
577  20000  20000
578  20000  20000
579  20000  20000
580  20000  20001
581  20000  20001
582  20000  20001
583  20000  20001
584  20000  20001
585  20000  20000
586  20000  20001
587  20000  20000
588  20000  20000
589  20000  20001
590  20000  20001
591  20000  20001
592  20000  20001
593  20000  20001
594  20000  20001
595  20000  20001
596  20000  20001
597  20000  20001
598  20000  20001
599  20000  20001
600  20000  20001
601  20000  20001
602  20000  20002
603  20000  20001
604  20000  20001
605  20000  20001
606  20000  20001
607  20000  20000
608  20000  20001
609  20000  20000
610  20000  20000
611  20000  20001
612  20000  20001
613  20000  20000
614  20000  20000
615  20000  20000
616  20000  19999
617  20000  19999
618  20000  19999
619  20000  19999
620  20000  19999
621  20000  19998
622  20000  19998
623  20000  19998
624  20000  19998
625  20000  19998
626  20000  19998
627  20000  19998
628  20000  19999
629  20000  19999
630  20000  19999
631  20000  19999
632  20000  19999
633  20000  19999
634  20000  19999
635  20000  19999
636  20000  19999
637  20000  19999
638  20000  19999
639  20000  19999
640  20000  20000
641  20000  20000
642  20000  20000
643  20000  20001
644  20000  20000
645  20000  20000
646  20000  20000
647  20000  20000
648  20000  20000
649  20000  20000
650  20000  20000
651  20000  20000
652  20000  20000
653  20000  20000
654  20000  20000
655  20000  20000
656  20000  20000
657  20000  20000
658  20000  19999
659  20000  19999
660  20000  19999
661  20000  20000
662  20000  19999
663  20000  19999
664  20000  20000
665  20000  19999
666  20000  20000
667  20000  19999
668  20000  19999
669  20000  19999
670  20000  19999
671  20000  19999
672  20000  19999
673  20000  20000
674  20000  20000
675  20000  20000
676  20000  19999
677  20000  20000
678  20000  20000
679  20000  20000
680  20000  20000
681  20000  20000
682  20000  19999
683  20000  20000
684  20000  20000
685  20000  20000
686  20000  20000
687  20000  20000
688  20000  20001
689  20000  20001
690  20000  20001
691  20000  20001
692  20000  20001
693  20000  20001
694  20000  20001
695  20000  20001
696  20000  20001
697  20000  20001
698  20000  20000
699  20000  20000
700  20000  20000
701  20000  20000
702  20000  20000
703  20000  20000
704  20000  20001
705  20000  20001
706  20000  20000
707  20000  19999
708  20000  19999
709  20000  19999
710  20000  19999
711  20000  19999
712  20000  19998
713  20000  19998
714  20000  19998
715  20000  19998
716  20000  19998
717  20000  19998
718  20000  19998
719  20000  19998
720  20000  19998
721  20000  19997
722  20000  19997
723  20000  19997
724  20000  19997
725  20000  19997
726  20000  19996
727  20000  19996
728  20000  19996
729  20000  19995
730  20000  19995
731  20000  19995
732  20000  19995
733  20000  19996
734  20000  19996
735  20000  19996
736  20000  19995
737  20000  19996
738  20000  19996
739  20000  19996
740  20000  19996
741  20000  19996
742  20000  19995
743  20000  19995
744  20000  19996
745  20000  19996
746  20000  19995
747  20000  19995
748  20000  19994
749  20000  19994
750  20000  19994
751  20000  19994
752  20000  19995
753  20000  19994
754  20000  19995
755  20000  19995
756  20000  19995
757  20000  19995
758  20000  19995
759  20000  19995
760  20000  19995
761  20000  19996
762  20000  19995
763  20000  19995
764  20000  19995
765  20000  19995
766  20000  19995
767  20000  19995
768  20000  19995
769  20000  19995
770  20000  19995
771  20000  19995
772  20000  19995
773  20000  19995
774  20000  19995
775  20000  19996
776  20000  19996
777  20000  19995
778  20000  19995
779  20000  19995
780  20000  19995
781  20000  19995
782  20000  19995
783  20000  19995
784  20000  19995
785  20000  19995
786  20000  19995
787  20000  19995
788  20000  19995
789  20000  19995
790  20000  19995
791  20000  19995
792  20000  19995
793  20000  19996
794  20000  19996
795  20000  19996
796  20000  19996
797  20000  19996
798  20000  19996
799  20000  19995
800  20000  19995
801  20000  19995
802  20000  19995
803  20000  19995
804  20000  19995
805  20000  19995
806  20000  19995
807  20000  19995
808  20000  19995
809  20000  19995
810  20000  19995
811  20000  19995
812  20000  19995
813  20000  19995
814  20000  19996
815  20000  19995
816  20000  19996
817  20000  19995
818  20000  19996
819  20000  19996
820  20000  19996
821  20000  19995
822  20000  19996
823  20000  19995
824  20000  19996
825  20000  19996
826  20000  19996
827  20000  19996
828  20000  19996
829  20000  19996
830  20000  19997
831  20000  19996
832  20000  19997
833  20000  19997
834  20000  19997
835  20000  19997
836  20000  19997
837  20000  19996
838  20000  19997
839  20000  19997
840  20000  19997
841  20000  19997
842  20000  19997
843  20000  19997
844  20000  19997
845  20000  19997
846  20000  19997
847  20000  19998
848  20000  19998
849  20000  19998
850  20000  19998
851  20000  19998
852  20000  19998
853  20000  19998
854  20000  19997
855  20000  19998
856  20000  19997
857  20000  19997
858  20000  19997
859  20000  19997
860  20000  19997
861  20000  19997
862  20000  19997
863  20000  19997
864  20000  19998
865  20000  19998
866  20000  19998
867  20000  19998
868  20000  19998
869  20000  19997
870  20000  19998
871  20000  19998
872  20000  19997
873  20000  19997
874  20000  19998
875  20000  19998
876  20000  19997
877  20000  19997
878  20000  19997
879  20000  19997
880  20000  19997
881  20000  19997
882  20000  19997
883  20000  19996
884  20000  19997
885  20000  19996
886  20000  19997
887  20000  19997
888  20000  19997
889  20000  19996
890  20000  19996
891  20000  19996
892  20000  19996
893  20000  19997
894  20000  19997
895  20000  19997
896  20000  19997
897  20000  19997
898  20000  19997
899  20000  19997
900  20000  19997
901  20000  19997
902  20000  19997
903  20000  19997
904  20000  19997
905  20000  19997
906  20000  19997
907  20000  19997
908  20000  19997
909  20000  19997
910  20000  19997
911  20000  19996
912  20000  19996
913  20000  19996
914  20000  19996
915  20000  19997
916  20000  19997
917  20000  19997
918  20000  19997
919  20000  19997
920  20000  19997
921  20000  19997
922  20000  19997
923  20000  19997
924  20000  19997
925  20000  19997
926  20000  19997
927  20000  19997
928  20000  19997
929  20000  19997
930  20000  19997
931  20000  19998
932  20000  19998
933  20000  19998
934  20000  19998
935  20000  19998
936  20000  19998
937  20000  19998
938  20000  19998
939  20000  19998
940  20000  19998
941  20000  19998
942  20000  19998
943  20000  19998
944  20000  19998
945  20000  19998
946  20000  19999
947  20000  19998
948  20000  19999
949  20000  19999
950  20000  19999
951  20000  19999
952  20000  19999
953  20000  19999
954  20000  19999
955  20000  19999
956  20000  20000
957  20000  20000
958  20000  19999
959  20000  19999
960  20000  19999
961  20000  19999
962  20000  20000
963  20000  20000
964  20000  20000
965  20000  20000
966  20000  20000
967  20000  20000
968  20000  20000
969  20000  20000
970  20000  20000
971  20000  19999
972  20000  20000
973  20000  20000
974  20000  20000
975  20000  20000
976  20000  20000
977  20000  20000
978  20000  20000
979  20000  20000
980  20000  20000
981  20000  20000
982  20000  20000
983  20000  20000
984  20000  20000
985  20000  20000
986  20000  19999
987  20000  19999
988  20000  19999
989  20000  19999
990  20000  20000
991  20000  19999
992  20000  19999
993  20000  19999
994  20000  19999
995  20000  19999
996  20000  19999
997  20000  19998
998  20000  19998
999  20000  19998
